DATE	DDURRG3M086SBEA	DFXARG3M086SBEA	DGDSRG3M086SBEA	DNDGRG3M086SBEA	DNRGRG3M086SBEA	DPCMRG3M086SBEA	DPCXRG3M086SBEA	DSERRG3M086SBEA	PCEPI	PCEPILFE
1959-01-01	56.918	16.498	26.329	17.791	8.509			11.326	16.042	16.688
1959-02-01	56.951	16.436	26.341	17.798	8.629			11.343	16.057	16.701
1959-03-01	57.022	16.404	26.336	17.785	8.636			11.363	16.068	16.719
1959-04-01	57.080	16.359	26.355	17.796	8.681			11.403	16.100	16.762
1959-05-01	57.175	16.322	26.345	17.777	8.661			11.421	16.109	16.783
1959-06-01	57.289	16.377	26.402	17.817	8.647			11.463	16.155	16.832
1959-07-01	57.316	16.406	26.426	17.835	8.638			11.504	16.189	16.871
1959-08-01	57.050	16.345	26.431	17.869	8.746			11.538	16.212	16.899
1959-09-01	57.147	16.420	26.493	17.916	8.717			11.572	16.255	16.943
1959-10-01	57.107	16.424	26.536	17.959	8.845			11.611	16.294	16.972
1959-11-01	57.152	16.353	26.508	17.929	8.860			11.641	16.304	17.003
1959-12-01	57.178	16.347	26.515	17.932	8.877			11.666	16.323	17.029
1960-01-01	57.056	16.322	26.469	17.903	8.838			11.676	16.314	17.033
1960-02-01	57.149	16.303	26.481	17.904	8.832			11.696	16.331	17.065
1960-03-01	56.982	16.388	26.496	17.937	8.783			11.703	16.340	17.067
1960-04-01	57.050	16.555	26.628	18.050	8.834			11.727	16.400	17.098
1960-05-01	57.044	16.555	26.619	18.042	8.821			11.758	16.417	17.125
1960-06-01	56.888	16.527	26.596	18.038	8.859			11.781	16.424	17.136
1960-07-01	56.894	16.525	26.628	18.067	8.929			11.810	16.453	17.166
1960-08-01	56.907	16.531	26.673	18.107	8.998			11.830	16.481	17.191
1960-09-01	56.658	16.541	26.654	18.117	8.989			11.855	16.491	17.204
1960-10-01	56.610	16.634	26.682	18.147	8.946			11.869	16.510	17.214
1960-11-01	56.981	16.696	26.797	18.211	9.033			11.897	16.565	17.260
1960-12-01	56.570	16.761	26.778	18.237	8.991			11.911	16.569	17.255
1961-01-01	56.706	16.739	26.790	18.233	9.016			11.910	16.571	17.259
1961-02-01	56.725	16.754	26.803	18.242	9.022			11.928	16.587	17.276
1961-03-01	56.759	16.730	26.764	18.203	8.951			11.932	16.578	17.282
1961-04-01	56.880	16.692	26.685	18.120	8.810			11.957	16.568	17.306
1961-05-01	57.015	16.614	26.682	18.104	8.864			11.972	16.577	17.328
1961-06-01	57.100	16.550	26.658	18.073	8.876			11.996	16.585	17.354
1961-07-01	57.144	16.593	26.728	18.131	8.937			12.016	16.621	17.381
1961-08-01	57.237	16.568	26.750	18.141	8.980			12.026	16.635	17.399
1961-09-01	57.393	16.531	26.752	18.126	8.990			12.054	16.654	17.434
1961-10-01	57.340	16.533	26.722	18.104	8.943			12.066	16.652	17.440
1961-11-01	57.072	16.502	26.692	18.106	8.978			12.083	16.653	17.443
1961-12-01	57.149	16.530	26.679	18.085	8.890			12.096	16.658	17.458
1962-01-01	57.100	16.606	26.705	18.114	8.914			12.130	16.689	17.478
1962-02-01	57.185	16.694	26.802	18.193	8.979			12.151	16.734	17.507
1962-03-01	57.300	16.736	26.824	18.200	8.865			12.173	16.756	17.548
1962-04-01	57.200	16.744	26.859	18.244	8.981			12.185	16.775	17.551
1962-05-01	57.214	16.712	26.834	18.219	8.971			12.213	16.786	17.576
1962-06-01	57.393	16.694	26.821	18.187	8.900			12.236	16.796	17.608
1962-07-01	57.436	16.638	26.766	18.132	8.823			12.248	16.787	17.623
1962-08-01	57.443	16.693	26.820	18.181	8.918			12.259	16.811	17.626
1962-09-01	57.492	16.892	27.056	18.392	9.086			12.268	16.894	17.660
1962-10-01	57.225	16.839	26.972	18.346	9.032			12.282	16.876	17.659
1962-11-01	57.246	16.854	26.971	18.342	9.038			12.302	16.889	17.672
1962-12-01	57.224	16.745	26.923	18.300	9.099			12.315	16.882	17.677
1963-01-01	57.140	16.892	26.982	18.366	9.034			12.349	16.923	17.711
1963-02-01	57.265	16.918	27.014	18.381	9.025			12.360	16.941	17.731
1963-03-01	57.344	16.845	26.961	18.322	8.963			12.366	16.928	17.742
1963-04-01	57.354	16.767	26.937	18.298	8.944			12.377	16.927	17.763
1963-05-01	57.391	16.763	26.967	18.322	8.979			12.403	16.954	17.795
1963-06-01	57.530	16.923	27.062	18.394	8.883			12.413	16.991	17.826
1963-07-01	57.485	16.987	27.137	18.470	8.966			12.427	17.025	17.842
1963-08-01	57.456	16.993	27.182	18.516	9.047			12.439	17.048	17.858
1963-09-01	57.818	16.929	27.140	18.432	8.926			12.455	17.044	17.890
1963-10-01	57.825	16.908	27.177	18.466	8.986			12.487	17.078	17.930
1963-11-01	57.734	16.997	27.210	18.508	8.960			12.507	17.102	17.947
1963-12-01	57.746	17.033	27.264	18.557	8.973			12.520	17.127	17.972
1964-01-01	57.800	17.156	27.337	18.619	8.943			12.538	17.163	17.997
1964-02-01	57.917	17.159	27.358	18.624	8.938			12.565	17.188	18.031
1964-03-01	57.837	17.160	27.342	18.620	8.921			12.588	17.198	18.048
1964-04-01	57.863	17.173	27.351	18.625	8.916			12.604	17.211	18.065
1964-05-01	57.799	17.136	27.311	18.595	8.889			12.626	17.213	18.080
1964-06-01	57.793	17.217	27.350	18.632	8.897			12.643	17.237	18.093
1964-07-01	57.826	17.270	27.387	18.663	8.896			12.658	17.259	18.111
1964-08-01	57.742	17.261	27.362	18.650	8.881			12.692	17.273	18.135
1964-09-01	57.700	17.362	27.416	18.707	8.907			12.705	17.299	18.143
1964-10-01	57.559	17.375	27.410	18.719	8.935			12.724	17.310	18.149
1964-11-01	57.657	17.390	27.456	18.750	8.952			12.738	17.334	18.176
1964-12-01	57.706	17.399	27.494	18.779	8.988			12.757	17.359	18.201
1965-01-01	57.677	17.365	27.512	18.800	9.041			12.777	17.378	18.226
1965-02-01	57.645	17.317	27.495	18.787	9.036			12.797	17.385	18.248
1965-03-01	57.627	17.379	27.538	18.831	9.071			12.810	17.408	18.258
1965-04-01	57.581	17.439	27.583	18.882	9.081			12.829	17.435	18.280
1965-05-01	57.636	17.528	27.654	18.943	9.081			12.853	17.474	18.314
1965-06-01	57.193	17.831	27.786	19.127	9.109			12.866	17.525	18.309
1965-07-01	57.150	17.837	27.782	19.130	9.099			12.887	17.538	18.327
1965-08-01	57.205	17.712	27.740	19.083	9.097			12.914	17.542	18.362
1965-09-01	57.196	17.648	27.706	19.051	9.116			12.943	17.550	18.384
1965-10-01	56.738	17.669	27.678	19.086	9.175			12.967	17.556	18.377
1965-11-01	56.752	17.702	27.706	19.111	9.165			12.998	17.585	18.411
1965-12-01	57.116	17.815	27.846	19.197	9.198			13.025	17.649	18.467
1966-01-01	56.662	17.917	27.856	19.269	9.192			13.052	17.670	18.473
1966-02-01	56.866	18.173	28.022	19.402	9.175			13.080	17.743	18.518
1966-03-01	56.852	18.321	28.111	19.492	9.183			13.101	17.786	18.542
1966-04-01	57.012	18.405	28.200	19.556	9.184			13.151	17.848	18.608
1966-05-01	57.021	18.299	28.182	19.537	9.211			13.194	17.870	18.657
1966-06-01	57.077	18.301	28.216	19.562	9.210			13.246	17.915	18.718
1966-07-01	57.247	18.238	28.253	19.575	9.245			13.280	17.949	18.773
1966-08-01	57.294	18.494	28.402	19.712	9.256			13.310	18.018	18.807
1966-09-01	57.327	18.543	28.476	19.780	9.309			13.361	18.075	18.865
1966-10-01	57.418	18.541	28.514	19.805	9.327			13.414	18.123	18.927
1966-11-01	57.472	18.479	28.528	19.811	9.346			13.449	18.150	18.975
1966-12-01	57.764	18.437	28.580	19.821	9.361			13.480	18.187	19.032
1967-01-01	57.482	18.337	28.524	19.805	9.395			13.510	18.188	19.050
1967-02-01	57.392	18.308	28.521	19.815	9.403			13.544	18.209	19.084
1967-03-01	57.420	18.254	28.510	19.801	9.385			13.565	18.220	19.113
1967-04-01	57.573	18.161	28.523	19.792	9.438			13.604	18.249	19.165
1967-05-01	57.707	18.189	28.573	19.823	9.430			13.632	18.285	19.208
1967-06-01	57.772	18.321	28.661	19.899	9.443			13.678	18.343	19.257
1967-07-01	58.102	18.397	28.793	19.982	9.451			13.706	18.405	19.322
1967-08-01	58.329	18.474	28.903	20.057	9.465			13.740	18.463	19.382
1967-09-01	58.529	18.453	28.976	20.101	9.534			13.789	18.519	19.450
1967-10-01	58.831	18.485	29.045	20.126	9.481			13.833	18.570	19.523
1967-11-01	59.010	18.517	29.147	20.201	9.561			13.875	18.632	19.585
1967-12-01	58.886	18.534	29.145	20.216	9.498			13.922	18.661	19.633
1968-01-01	59.159	18.631	29.292	20.321	9.551			13.980	18.748	19.720
1968-02-01	59.283	18.705	29.393	20.403	9.569			14.047	18.824	19.805
1968-03-01	59.430	18.734	29.459	20.446	9.559			14.107	18.886	19.884
1968-04-01	59.533	18.795	29.541	20.512	9.524			14.156	18.945	19.957
1968-05-01	59.659	18.857	29.645	20.596	9.558			14.212	19.015	20.033
1968-06-01	59.765	18.850	29.707	20.642	9.590			14.273	19.075	20.111
1968-07-01	59.941	18.905	29.791	20.700	9.592			14.320	19.134	20.178
1968-08-01	60.129	18.978	29.914	20.794	9.659			14.378	19.212	20.257
1968-09-01	60.377	19.048	30.006	20.848	9.623			14.435	19.279	20.339
1968-10-01	60.583	19.179	30.140	20.951	9.642			14.497	19.364	20.422
1968-11-01	60.820	19.211	30.236	21.010	9.673			14.549	19.430	20.498
1968-12-01	60.690	19.215	30.238	21.031	9.625			14.610	19.470	20.560
1969-01-01	60.797	19.282	30.337	21.114	9.687			14.676	19.546	20.638
1969-02-01	61.032	19.250	30.387	21.129	9.706			14.726	19.595	20.709
1969-03-01	61.329	19.309	30.522	21.219	9.794			14.800	19.687	20.805
1969-04-01	61.442	19.425	30.659	21.339	9.863			14.863	19.774	20.886
1969-05-01	61.467	19.543	30.747	21.422	9.860			14.941	19.854	20.969
1969-06-01	61.620	19.774	30.934	21.586	9.904			14.994	19.950	21.041
1969-07-01	61.725	19.891	31.048	21.683	9.881			15.071	20.037	21.139
1969-08-01	61.834	19.953	31.111	21.729	9.895			15.125	20.093	21.199
1969-09-01	61.852	20.080	31.219	21.834	9.897			15.197	20.176	21.284
1969-10-01	62.117	20.075	31.278	21.853	9.918			15.273	20.245	21.375
1969-11-01	62.224	20.263	31.418	21.976	9.894			15.336	20.332	21.457
1969-12-01	62.213	20.442	31.551	22.109	9.940			15.412	20.426	21.537
1970-01-01	62.198	20.582	31.641	22.200	9.926			15.478	20.499	21.608
1970-02-01	62.289	20.680	31.753	22.297	9.965			15.547	20.580	21.691
1970-03-01	62.388	20.706	31.762	22.292	9.871			15.619	20.631	21.772
1970-04-01	62.441	20.775	31.924	22.443	10.098			15.697	20.736	21.857
1970-05-01	62.546	20.860	31.988	22.491	10.068			15.765	20.802	21.934
1970-06-01	62.622	20.855	32.020	22.511	10.039			15.831	20.856	22.014
1970-07-01	62.808	20.897	32.124	22.586	10.097			15.895	20.932	22.098
1970-08-01	62.979	20.949	32.169	22.605	10.025			15.956	20.987	22.174
1970-09-01	63.201	21.045	32.309	22.710	10.103			16.030	21.081	22.267
1970-10-01	63.616	21.096	32.465	22.803	10.220			16.111	21.185	22.376
1970-11-01	64.081	21.034	32.551	22.822	10.285			16.194	21.269	22.492
1970-12-01	64.436	21.045	32.661	22.879	10.355			16.282	21.363	22.605
1971-01-01	64.784	20.880	32.671	22.839	10.401			16.345	21.408	22.694
1971-02-01	64.994	20.918	32.722	22.857	10.344			16.415	21.471	22.780
1971-03-01	65.076	21.037	32.800	22.921	10.333			16.484	21.542	22.853
1971-04-01	65.270	21.219	32.926	23.017	10.277			16.549	21.626	22.939
1971-05-01	65.412	21.306	33.036	23.104	10.296			16.632	21.717	23.039
1971-06-01	65.558	21.446	33.166	23.212	10.347			16.713	21.813	23.129
1971-07-01	65.711	21.473	33.206	23.228	10.319			16.793	21.879	23.218
1971-08-01	65.227	21.515	33.239	23.334	10.568			16.872	21.942	23.251
1971-09-01	64.865	21.508	33.225	23.377	10.607			16.928	21.975	23.289
1971-10-01	64.816	21.541	33.250	23.411	10.621			16.967	22.009	23.326
1971-11-01	64.874	21.603	33.281	23.433	10.597			17.020	22.054	23.379
1971-12-01	65.107	21.786	33.424	23.542	10.631			17.081	22.141	23.452
1972-01-01	65.443	21.934	33.558	23.625	10.582			17.153	22.232	23.552
1972-02-01	65.481	22.211	33.704	23.768	10.574			17.214	22.319	23.615
1972-03-01	65.554	22.174	33.707	23.760	10.594			17.260	22.351	23.662
1972-04-01	65.757	22.164	33.728	23.749	10.556			17.301	22.386	23.717
1972-05-01	65.848	22.169	33.779	23.786	10.608			17.350	22.434	23.772
1972-06-01	65.880	22.200	33.783	23.785	10.565			17.400	22.469	23.819
1972-07-01	66.009	22.325	33.901	23.883	10.641			17.464	22.549	23.888
1972-08-01	66.159	22.422	33.986	23.945	10.749			17.522	22.615	23.938
1972-09-01	66.324	22.580	34.185	24.122	10.882			17.577	22.716	24.018
1972-10-01	65.876	22.653	34.171	24.181	10.914			17.623	22.741	24.032
1972-11-01	65.918	22.750	34.254	24.258	10.958			17.685	22.809	24.095
1972-12-01	66.062	22.867	34.357	24.339	10.965			17.745	22.882	24.168
1973-01-01	66.060	23.200	34.529	24.516	11.032			17.765	22.951	24.183
1973-02-01	66.259	23.535	34.774	24.736	11.145			17.827	23.072	24.259
1973-03-01	66.356	24.118	35.119	25.080	11.186			17.904	23.235	24.357
1973-04-01	66.619	24.470	35.417	25.345	11.316			18.020	23.408	24.498
1973-05-01	66.765	24.713	35.599	25.510	11.380			18.104	23.523	24.593
1973-06-01	66.856	24.938	35.812	25.717	11.556			18.203	23.658	24.699
1973-07-01	66.998	24.968	35.874	25.757	11.571			18.303	23.744	24.805
1973-08-01	67.091	26.242	36.479	26.371	11.608			18.420	24.017	24.921
1973-09-01	67.139	26.250	36.506	26.391	11.607			18.551	24.113	25.046
1973-10-01	67.133	26.358	36.719	26.615	11.966			18.651	24.249	25.143
1973-11-01	67.323	26.701	37.114	26.993	12.415			18.759	24.448	25.264
1973-12-01	67.415	26.934	37.448	27.324	12.897			18.900	24.649	25.404
1974-01-01	67.693	27.331	37.950	27.798	13.582			19.012	24.885	25.529
1974-02-01	67.970	28.011	38.566	28.391	14.156			19.150	25.175	25.692
1974-03-01	68.444	28.451	39.151	28.917	14.812			19.307	25.467	25.892
1974-04-01	68.916	28.459	39.429	29.125	15.057			19.443	25.647	26.086
1974-05-01	69.641	28.644	39.871	29.460	15.348			19.610	25.900	26.337
1974-06-01	70.717	28.660	40.214	29.631	15.436			19.774	26.119	26.607
1974-07-01	71.661	28.650	40.555	29.822	15.554			19.900	26.312	26.843
1974-08-01	72.322	29.163	41.076	30.251	15.612			20.062	26.587	27.101
1974-09-01	73.265	29.772	41.596	30.628	15.663			20.228	26.863	27.345
1974-10-01	74.209	30.055	41.938	30.823	15.593			20.353	27.056	27.559
1974-11-01	74.680	30.407	42.274	31.090	15.607			20.498	27.259	27.760
1974-12-01	75.153	30.810	42.614	31.360	15.694			20.659	27.474	27.956
1975-01-01	75.241	30.955	42.768	31.502	15.904			20.836	27.645	28.119
1975-02-01	75.802	30.897	42.914	31.560	15.962			20.988	27.795	28.318
1975-03-01	76.506	30.725	43.008	31.540	16.009			21.083	27.889	28.466
1975-04-01	77.121	30.574	43.088	31.522	16.099			21.185	27.984	28.604
1975-05-01	77.165	30.598	43.168	31.597	16.225			21.310	28.095	28.725
1975-06-01	77.356	30.859	43.420	31.823	16.484			21.452	28.271	28.866
1975-07-01	77.708	31.304	43.863	32.222	16.843			21.605	28.514	29.044
1975-08-01	78.043	31.501	44.086	32.396	17.000			21.683	28.637	29.144
1975-09-01	78.430	31.475	44.191	32.440	17.204			21.843	28.779	29.302
1975-10-01	78.803	31.750	44.454	32.649	17.354			21.967	28.946	29.448
1975-11-01	79.158	31.923	44.635	32.778	17.464			22.154	29.132	29.643
1975-12-01	79.822	32.046	44.842	32.878	17.521			22.294	29.293	29.823
1976-01-01	80.180	32.024	44.954	32.933	17.509			22.405	29.405	29.976
1976-02-01	80.389	31.651	44.853	32.790	17.492			22.507	29.442	30.095
1976-03-01	80.426	31.463	44.780	32.706	17.443			22.604	29.486	30.195
1976-04-01	80.912	31.377	44.821	32.663	17.361			22.684	29.553	30.312
1976-05-01	81.310	31.498	45.030	32.812	17.486			22.794	29.695	30.456
1976-06-01	81.449	31.589	45.183	32.948	17.673			22.913	29.824	30.579
1976-07-01	81.890	31.706	45.376	33.073	17.725			23.046	29.975	30.748
1976-08-01	82.035	31.865	45.537	33.216	17.796			23.214	30.140	30.925
1976-09-01	82.695	31.974	45.784	33.358	17.931			23.349	30.310	31.106
1976-10-01	83.408	32.097	46.055	33.515	18.138			23.457	30.469	31.258
1976-11-01	83.558	32.117	46.210	33.650	18.354			23.589	30.607	31.401
1976-12-01	83.826	32.214	46.375	33.775	18.579			23.764	30.778	31.571
1977-01-01	84.432	32.298	46.632	33.935	18.738			23.907	30.957	31.763
1977-02-01	84.401	32.833	47.035	34.369	18.902			24.077	31.199	31.958
1977-03-01	84.531	33.041	47.165	34.483	19.102			24.246	31.356	32.094
1977-04-01	84.620	33.455	47.385	34.701	19.145			24.413	31.538	32.253
1977-05-01	84.900	33.643	47.613	34.893	19.217			24.542	31.698	32.417
1977-06-01	85.133	33.871	47.826	35.077	19.204			24.704	31.875	32.611
1977-07-01	85.536	33.916	47.987	35.172	19.246			24.873	32.041	32.813
1977-08-01	85.817	34.018	48.128	35.270	19.346			25.027	32.190	32.973
1977-09-01	85.946	34.046	48.195	35.317	19.432			25.173	32.311	33.113
1977-10-01	86.439	34.100	48.413	35.456	19.590			25.293	32.461	33.273
1977-11-01	86.802	34.347	48.703	35.699	19.770			25.434	32.648	33.445
1977-12-01	87.501	34.478	48.961	35.841	19.832			25.546	32.806	33.618
1978-01-01	87.856	34.800	49.170	35.998	19.805			25.734	33.000	33.819
1978-02-01	88.079	35.167	49.277	36.071	19.848			25.909	33.153	33.949
1978-03-01	88.544	35.618	49.622	36.352	19.963			26.066	33.368	34.133
1978-04-01	88.984	36.205	50.013	36.689	20.015			26.256	33.621	34.354
1978-05-01	89.499	36.769	50.414	37.023	20.117			26.424	33.861	34.556
1978-06-01	90.030	37.293	50.777	37.312	20.159			26.580	34.082	34.749
1978-07-01	90.450	37.437	51.007	37.479	20.240			26.748	34.269	34.953
1978-08-01	90.975	37.504	51.214	37.600	20.393			26.906	34.442	35.141
1978-09-01	91.438	37.638	51.456	37.771	20.581			27.083	34.638	35.343
1978-10-01	92.040	37.902	51.819	38.047	20.917			27.319	34.913	35.603
1978-11-01	92.574	38.093	52.121	38.269	21.130			27.471	35.112	35.794
1978-12-01	93.024	38.280	52.381	38.463	21.399			27.592	35.276	35.934
1979-01-01	93.339	39.039	52.883	38.945	21.622			27.750	35.542	36.118
1979-02-01	94.142	39.630	53.353	39.296	21.816			27.813	35.732	36.235
1979-03-01	94.666	39.920	53.861	39.742	22.470			27.988	36.011	36.444
1979-04-01	95.407	40.127	54.400	40.179	23.200			28.290	36.386	36.780
1979-05-01	95.713	40.405	54.913	40.672	23.975			28.607	36.763	37.100
1979-06-01	95.991	40.522	55.395	41.134	25.043			28.829	37.066	37.308
1979-07-01	96.390	40.718	55.907	41.606	26.004			29.008	37.349	37.495
1979-08-01	96.774	40.588	56.277	41.930	26.944			29.257	37.635	37.744
1979-09-01	97.242	40.867	56.799	42.402	27.785			29.504	37.967	38.002
1979-10-01	97.857	41.164	57.227	42.742	28.277			29.761	38.276	38.279
1979-11-01	98.564	41.436	57.685	43.096	28.627			29.940	38.542	38.524
1979-12-01	99.218	41.770	58.191	43.512	29.204			30.183	38.866	38.801
1980-01-01	100.258	41.983	59.032	44.214	30.527			30.395	39.273	39.095
1980-02-01	101.492	41.942	59.679	44.672	31.666			30.722	39.699	39.485
1980-03-01	102.555	42.375	60.592	45.441	32.947			31.020	40.186	39.851
1980-04-01	103.234	42.668	60.898	45.641	33.073			31.187	40.396	40.056
1980-05-01	103.779	42.991	61.224	45.885	33.273			31.495	40.710	40.378
1980-06-01	104.476	43.272	61.529	46.082	33.385			31.730	40.967	40.646
1980-07-01	104.739	43.862	61.920	46.444	33.552			32.012	41.285	40.932
1980-08-01	105.736	44.641	62.491	46.865	33.676			32.256	41.629	41.228
1980-09-01	106.692	45.220	62.986	47.215	33.749			32.590	42.014	41.616
1980-10-01	106.945	45.585	63.325	47.524	33.953			32.923	42.351	41.959
1980-11-01	107.683	46.113	63.766	47.856	34.135			33.223	42.696	42.289
1980-12-01	107.974	46.412	64.125	48.182	34.498			33.462	42.973	42.544
1981-01-01	108.478	46.478	64.644	48.638	35.540			33.826	43.386	42.912
1981-02-01	109.016	46.604	65.423	49.361	37.167			34.114	43.825	43.226
1981-03-01	109.207	46.835	65.876	49.806	37.994			34.353	44.130	43.466
1981-04-01	110.161	46.789	66.012	49.776	37.799			34.569	44.323	43.744
1981-05-01	111.080	46.681	66.117	49.725	37.579			34.807	44.522	44.045
1981-06-01	111.619	46.794	66.251	49.770	37.499			35.003	44.699	44.265
1981-07-01	112.122	47.176	66.512	49.955	37.615			35.274	44.969	44.532
1981-08-01	112.575	47.393	66.767	50.141	37.785			35.564	45.250	44.830
1981-09-01	113.085	47.543	67.052	50.350	38.006			35.832	45.524	45.124
1981-10-01	113.651	47.439	67.205	50.412	38.086			36.059	45.730	45.393
1981-11-01	114.110	47.416	67.339	50.473	38.457			36.349	45.976	45.658
1981-12-01	114.418	47.469	67.467	50.553	38.484			36.496	46.118	45.826
1982-01-01	114.849	47.772	67.657	50.679	38.622			36.803	46.392	46.108
1982-02-01	115.062	48.062	67.797	50.787	38.289			36.941	46.531	46.286
1982-03-01	115.145	47.930	67.704	50.676	38.078			37.151	46.651	46.488
1982-04-01	115.437	47.988	67.416	50.327	36.925			37.308	46.675	46.672
1982-05-01	116.001	48.386	67.780	50.608	37.159			37.544	46.951	46.927
1982-06-01	116.304	48.702	68.396	51.197	38.225			37.764	47.292	47.162
1982-07-01	116.523	48.728	68.653	51.427	38.574			38.051	47.572	47.468
1982-08-01	116.189	48.486	68.517	51.342	38.632			38.318	47.720	47.686
1982-09-01	116.271	48.441	68.516	51.327	38.628			38.506	47.852	47.863
1982-10-01	116.761	48.381	68.689	51.422	38.983			38.813	48.121	48.166
1982-11-01	116.563	48.336	68.675	51.443	39.078			39.023	48.265	48.344
1982-12-01	116.671	48.258	68.574	51.317	38.714			39.170	48.338	48.498
1983-01-01	117.206	48.171	68.682	51.336	38.478			39.445	48.564	48.830
1983-02-01	117.529	48.225	68.587	51.178	37.829			39.601	48.646	49.011
1983-03-01	117.756	48.617	68.684	51.239	37.505			39.649	48.709	49.073
1983-04-01	117.891	48.775	69.087	51.640	38.311			39.792	48.931	49.222
1983-05-01	117.842	48.964	69.389	51.971	38.881			39.859	49.070	49.293
1983-06-01	118.069	48.919	69.519	52.067	38.944			40.063	49.253	49.523
1983-07-01	118.384	48.921	69.740	52.245	39.068			40.363	49.530	49.856
1983-08-01	118.527	48.944	69.831	52.316	39.129			40.626	49.743	50.113
1983-09-01	118.826	49.085	69.862	52.292	39.095			40.860	49.916	50.316
1983-10-01	119.001	49.172	69.900	52.299	39.138			40.965	50.002	50.405
1983-11-01	119.435	49.102	69.920	52.234	39.000			41.058	50.072	50.523
1983-12-01	119.514	49.232	69.948	52.247	38.826			41.085	50.100	50.560
1984-01-01	119.348	49.882	70.301	52.669	38.888			41.241	50.318	50.729
1984-02-01	119.297	50.259	70.549	52.951	39.264			41.617	50.656	51.049
1984-03-01	119.409	50.316	70.602	52.986	39.316			41.833	50.823	51.242
1984-04-01	120.033	50.220	70.716	52.982	39.436			42.060	51.016	51.483
1984-05-01	120.068	49.994	70.609	52.858	39.404			42.201	51.080	51.602
1984-06-01	120.176	50.204	70.636	52.865	39.107			42.321	51.171	51.724
1984-07-01	120.130	50.318	70.679	52.921	39.027			42.566	51.354	51.947
1984-08-01	120.303	50.584	70.828	53.049	38.921			42.726	51.512	52.118
1984-09-01	120.559	50.453	70.916	53.094	39.140			42.787	51.582	52.198
1984-10-01	120.443	50.520	71.028	53.240	39.337			42.913	51.704	52.315
1984-11-01	120.674	50.458	71.022	53.186	39.252			43.020	51.776	52.426
1984-12-01	120.538	50.530	71.023	53.215	38.967			43.230	51.922	52.634
1985-01-01	120.651	50.670	71.173	53.358	39.037			43.537	52.182	52.928
1985-02-01	121.333	50.840	71.513	53.588	39.069			43.736	52.424	53.204
1985-03-01	121.512	50.957	71.746	53.810	39.487			43.927	52.629	53.390
1985-04-01	121.703	50.818	71.857	53.893	39.911			43.988	52.706	53.453
1985-05-01	121.347	50.685	71.750	53.850	39.834			44.216	52.831	53.638
1985-06-01	121.292	50.702	71.873	54.001	39.832			44.369	52.974	53.815
1985-07-01	121.170	50.732	71.873	54.028	39.828			44.557	53.104	53.973
1985-08-01	121.302	50.722	71.867	53.992	39.469			44.814	53.280	54.237
1985-09-01	121.251	50.722	71.907	54.050	39.469			44.928	53.370	54.349
1985-10-01	121.510	50.867	72.091	54.200	39.491			44.974	53.459	54.436
1985-11-01	121.611	51.125	72.334	54.451	39.685			45.090	53.614	54.570
1985-12-01	121.543	51.470	72.540	54.698	39.907			45.259	53.795	54.718
1986-01-01	121.668	51.532	72.672	54.821	39.956			45.557	54.042	55.014
1986-02-01	121.502	51.419	72.205	54.327	38.907			45.768	54.042	55.156
1986-03-01	121.577	51.441	71.378	53.380	36.284			45.968	53.924	55.324
1986-04-01	121.693	51.524	70.844	52.747	34.219			46.051	53.813	55.424
1986-05-01	122.125	51.656	71.035	52.861	34.293			46.110	53.912	55.518
1986-06-01	122.609	51.659	71.294	53.043	34.958			46.283	54.112	55.685
1986-07-01	122.911	52.107	71.277	52.953	33.743			46.310	54.126	55.786
1986-08-01	123.199	52.565	71.355	52.973	32.960			46.374	54.194	55.901
1986-09-01	123.377	52.539	71.530	53.135	33.291			46.553	54.371	56.085
1986-10-01	123.515	52.624	71.480	53.039	32.618			46.720	54.469	56.274
1986-11-01	123.867	52.791	71.589	53.082	32.435			46.811	54.566	56.394
1986-12-01	124.197	52.815	71.834	53.287	32.557			46.805	54.640	56.466
1987-01-01	124.701	53.146	72.495	53.930	33.703	54.812	56.743	46.877	54.895	56.601
1987-02-01	124.845	53.292	72.970	54.436	34.580	55.044	56.898	46.943	55.088	56.714
1987-03-01	125.165	53.309	73.174	54.596	34.662	55.234	57.126	47.062	55.233	56.882
1987-04-01	125.599	53.377	73.402	54.756	34.694	55.414	57.341	47.256	55.439	57.123
1987-05-01	125.846	53.688	73.550	54.869	34.454	55.558	57.509	47.393	55.580	57.283
1987-06-01	126.203	53.950	73.850	55.129	35.016	55.777	57.670	47.563	55.791	57.441
1987-07-01	126.484	53.762	73.992	55.225	35.315	55.905	57.820	47.685	55.919	57.589
1987-08-01	126.750	53.874	74.280	55.496	35.860	56.128	58.013	47.875	56.140	57.783
1987-09-01	127.115	53.951	74.448	55.601	35.804	56.324	58.257	48.074	56.329	58.012
1987-10-01	127.340	53.984	74.598	55.721	35.531	56.490	58.498	48.264	56.508	58.260
1987-11-01	127.395	53.909	74.685	55.808	35.710	56.615	58.643	48.381	56.616	58.382
1987-12-01	127.162	54.140	74.659	55.833	35.496	56.713	58.759	48.543	56.720	58.505
1988-01-01	126.961	54.357	74.785	56.029	35.216	56.939	59.051	48.804	56.941	58.781
1988-02-01	126.917	54.292	74.653	55.885	35.145	57.035	59.191	48.984	57.024	58.902
1988-03-01	127.354	54.330	74.835	55.991	35.019	57.239	59.460	49.186	57.221	59.154
1988-04-01	127.555	54.586	75.233	56.405	35.200	57.508	59.737	49.410	57.499	59.441
1988-05-01	127.727	54.747	75.356	56.506	35.043	57.663	59.930	49.596	57.666	59.644
1988-06-01	128.060	54.990	75.577	56.682	35.207	57.896	60.166	49.852	57.912	59.896
1988-07-01	128.295	55.573	76.029	57.150	35.415	58.159	60.381	50.057	58.193	60.140
1988-08-01	128.560	55.804	76.122	57.193	35.691	58.310	60.501	50.263	58.366	60.289
1988-09-01	129.216	56.116	76.515	57.491	35.567	58.585	60.818	50.499	58.650	60.613
1988-10-01	129.514	56.183	76.668	57.596	35.533	58.794	61.077	50.705	58.841	60.843
1988-11-01	129.651	56.199	76.746	57.653	35.527	58.933	61.251	50.867	58.978	61.010
1988-12-01	129.777	56.423	76.939	57.847	35.480	59.146	61.492	51.047	59.162	61.212
1989-01-01	130.369	56.681	77.369	58.203	35.734	59.450	61.804	51.293	59.465	61.522
1989-02-01	130.498	57.137	77.603	58.444	35.970	59.688	62.004	51.474	59.663	61.678
1989-03-01	130.045	57.414	77.833	58.819	36.411	59.925	62.203	51.692	59.885	61.863
1989-04-01	130.340	57.799	78.718	59.778	38.420	60.347	62.413	51.875	60.284	62.070
1989-05-01	130.380	58.160	79.046	60.150	38.745	60.598	62.633	52.046	60.504	62.256
1989-06-01	130.509	58.344	79.087	60.167	38.518	60.748	62.825	52.218	60.637	62.420
1989-07-01	130.702	58.581	79.162	60.207	38.394	60.928	63.032	52.392	60.782	62.581
1989-08-01	130.652	58.644	78.846	59.849	37.631	60.956	63.158	52.543	60.789	62.669
1989-09-01	130.755	58.645	78.897	59.885	37.183	61.126	63.429	52.714	60.924	62.886
1989-10-01	131.014	58.881	79.235	60.217	37.478	61.390	63.689	52.906	61.162	63.114
1989-11-01	131.333	59.052	79.301	60.217	37.257	61.545	63.890	53.068	61.296	63.282
1989-12-01	131.048	59.257	79.353	60.344	37.359	61.728	64.078	53.299	61.473	63.462
1990-01-01	131.454	60.060	80.404	61.469	39.310	62.224	64.329	53.505	61.939	63.706
1990-02-01	132.077	60.576	80.890	61.883	38.930	62.516	64.667	53.683	62.212	64.016
1990-03-01	131.957	60.602	80.963	61.996	38.725	62.804	65.052	53.987	62.446	64.323
1990-04-01	131.912	60.350	80.955	61.998	38.728	62.936	65.254	54.177	62.577	64.515
1990-05-01	131.975	60.438	80.979	62.012	38.412	63.103	65.492	54.368	62.718	64.712
1990-06-01	131.640	60.942	81.244	62.398	38.615	63.381	65.741	54.648	62.995	64.963
1990-07-01	131.837	61.237	81.480	62.624	38.523	63.608	65.996	54.767	63.151	65.128
1990-08-01	131.856	61.454	82.153	63.394	40.428	64.058	66.284	55.075	63.571	65.398
1990-09-01	132.008	61.603	82.979	64.307	42.464	64.451	66.494	55.277	63.961	65.627
1990-10-01	132.394	61.813	83.690	65.032	44.244	64.854	66.742	55.494	64.327	65.850
1990-11-01	132.266	61.881	83.673	65.040	44.362	64.965	66.858	55.617	64.409	65.929
1990-12-01	131.840	61.766	83.718	65.185	44.332	65.057	66.994	55.684	64.469	66.021
1991-01-01	132.860	62.462	83.848	65.096	43.263	65.372	67.423	55.975	64.714	66.350
1991-02-01	133.543	62.789	83.656	64.723	41.601	65.426	67.653	56.101	64.747	66.533
1991-03-01	133.490	62.804	83.425	64.469	40.482	65.482	67.864	56.218	64.760	66.672
1991-04-01	133.747	63.110	83.660	64.677	40.244	65.636	68.045	56.285	64.878	66.805
1991-05-01	133.806	63.272	83.892	64.926	40.622	65.907	68.314	56.566	65.147	67.072
1991-06-01	133.345	63.546	83.871	65.006	40.234	66.015	68.462	56.729	65.257	67.216
1991-07-01	134.177	63.125	83.825	64.763	40.029	66.134	68.700	56.894	65.360	67.421
1991-08-01	133.936	62.951	83.952	64.962	40.230	66.282	68.886	57.054	65.511	67.606
1991-09-01	134.269	62.879	84.107	65.061	40.370	66.546	69.211	57.307	65.737	67.877
1991-10-01	134.511	62.853	84.109	65.009	40.407	66.693	69.395	57.478	65.860	68.026
1991-11-01	134.686	62.962	84.409	65.309	40.722	66.847	69.531	57.556	66.005	68.153
1991-12-01	134.051	62.975	84.406	65.451	41.018	67.014	69.702	57.789	66.170	68.321
1992-01-01	134.273	62.921	84.281	65.258	40.387	67.127	69.930	57.965	66.260	68.507
1992-02-01	134.522	63.176	84.404	65.342	40.257	67.308	70.137	58.149	66.428	68.693
1992-03-01	134.436	63.361	84.533	65.509	40.271	67.489	70.334	58.322	66.589	68.865
1992-04-01	134.701	63.266	84.609	65.535	40.324	67.659	70.554	58.541	66.769	69.091
1992-05-01	134.961	63.148	84.740	65.625	40.549	67.759	70.668	58.611	66.857	69.188
1992-06-01	134.667	63.426	84.942	65.925	41.066	67.886	70.721	58.695	66.976	69.242
1992-07-01	134.860	63.335	85.108	66.072	41.239	68.111	70.994	58.935	67.197	69.503
1992-08-01	134.961	63.776	85.238	66.198	41.153	68.183	71.032	59.007	67.287	69.567
1992-09-01	134.842	63.913	85.245	66.235	41.192	68.320	71.179	59.158	67.397	69.680
1992-10-01	135.104	63.837	85.342	66.285	41.474	68.573	71.470	59.451	67.635	69.948
1992-11-01	135.341	63.671	85.420	66.320	41.748	68.721	71.645	59.605	67.768	70.101
1992-12-01	134.850	63.695	85.451	66.474	41.846	68.825	71.759	59.757	67.886	70.231
1993-01-01	135.139	63.742	85.493	66.454	41.766	68.999	71.980	59.972	68.052	70.435
1993-02-01	134.995	63.914	85.630	66.649	41.489	69.066	72.074	60.059	68.154	70.570
1993-03-01	134.956	63.888	85.553	66.570	41.670	69.195	72.216	60.286	68.294	70.723
1993-04-01	135.667	64.005	85.700	66.569	41.676	69.357	72.402	60.479	68.475	70.929
1993-05-01	135.661	64.470	85.677	66.544	41.312	69.553	72.628	60.786	68.687	71.169
1993-06-01	135.899	64.345	85.521	66.304	41.092	69.555	72.675	60.884	68.711	71.237
1993-07-01	136.133	64.314	85.532	66.258	40.997	69.668	72.833	61.034	68.820	71.385
1993-08-01	136.311	64.440	85.621	66.319	40.943	69.783	72.965	61.161	68.938	71.518
1993-09-01	136.764	64.407	85.456	66.014	40.808	69.836	73.054	61.332	69.010	71.625
1993-10-01	137.260	64.740	85.942	66.458	41.766	70.061	73.166	61.435	69.227	71.744
1993-11-01	137.498	64.888	86.078	66.557	41.360	70.178	73.343	61.562	69.358	71.928
1993-12-01	137.154	65.027	85.962	66.508	41.097	70.183	73.362	61.633	69.374	71.960
1994-01-01	137.316	65.046	85.845	66.328	40.810	70.200	73.418	61.715	69.397	72.018
1994-02-01	137.562	64.918	85.888	66.317	41.301	70.365	73.578	61.923	69.558	72.173
1994-03-01	137.985	64.826	85.976	66.312	41.281	70.542	73.815	62.157	69.750	72.420
1994-04-01	138.028	64.948	86.063	66.404	41.068	70.635	73.940	62.237	69.832	72.528
1994-05-01	138.488	65.073	86.140	66.377	40.572	70.738	74.114	62.347	69.933	72.690
1994-06-01	138.811	65.360	86.405	66.607	40.691	70.906	74.269	62.477	70.104	72.851
1994-07-01	139.348	65.687	86.811	66.950	41.382	71.125	74.409	62.617	70.325	73.004
1994-08-01	139.428	65.821	87.077	67.243	42.299	71.276	74.465	62.732	70.486	73.086
1994-09-01	139.478	65.860	87.100	67.258	42.106	71.319	74.537	62.833	70.565	73.197
1994-10-01	139.528	65.712	87.038	67.171	42.015	71.422	74.697	63.029	70.684	73.369
1994-11-01	139.803	65.777	87.147	67.230	42.217	71.527	74.794	63.173	70.819	73.503
1994-12-01	139.635	66.080	87.135	67.259	42.167	71.564	74.805	63.244	70.865	73.528
1995-01-01	140.130	66.037	87.201	67.210	42.127	71.794	75.102	63.418	71.008	73.711
1995-02-01	140.116	66.345	87.207	67.221	42.084	71.910	75.210	63.593	71.134	73.831
1995-03-01	140.397	66.322	87.221	67.166	41.898	72.027	75.381	63.773	71.265	74.013
1995-04-01	140.457	66.824	87.432	67.399	41.865	72.227	75.565	63.949	71.453	74.184
1995-05-01	139.999	66.780	87.400	67.478	41.979	72.324	75.678	64.118	71.563	74.311
1995-06-01	139.728	66.819	87.334	67.471	42.124	72.378	75.722	64.244	71.633	74.375
1995-07-01	139.621	66.887	87.372	67.543	41.960	72.472	75.850	64.354	71.722	74.493
1995-08-01	139.735	66.985	87.451	67.608	41.939	72.618	76.021	64.540	71.877	74.671
1995-09-01	139.475	67.143	87.413	67.631	41.401	72.680	76.142	64.626	71.926	74.770
1995-10-01	139.432	67.324	87.508	67.756	41.615	72.858	76.314	64.850	72.113	74.952
1995-11-01	139.099	67.271	87.303	67.598	41.187	72.826	76.331	64.934	72.111	75.000
1995-12-01	139.369	67.387	87.487	67.747	41.652	72.942	76.404	65.052	72.249	75.105
1996-01-01	139.462	67.569	87.824	68.125	42.482	73.081	76.450	65.136	72.410	75.190
1996-02-01	139.311	67.826	87.922	68.281	42.586	73.209	76.562	65.256	72.524	75.288
1996-03-01	139.442	68.137	88.300	68.700	43.101	73.418	76.718	65.405	72.743	75.462
1996-04-01	138.937	68.403	88.548	69.136	44.337	73.645	76.813	65.607	72.961	75.565
1996-05-01	138.334	68.390	88.463	69.197	44.551	73.759	76.930	65.824	73.087	75.696
1996-06-01	138.187	68.798	88.198	68.918	43.542	73.741	76.978	65.936	73.086	75.754
1996-07-01	138.177	69.066	88.245	68.977	43.671	73.866	77.082	66.136	73.241	75.897
1996-08-01	138.131	69.309	88.136	68.858	43.585	73.901	77.103	66.283	73.310	75.962
1996-09-01	138.067	69.473	88.328	69.108	43.587	74.090	77.315	66.494	73.517	76.192
1996-10-01	138.029	69.803	88.553	69.391	44.086	74.289	77.460	66.714	73.740	76.373
1996-11-01	137.618	69.905	88.650	69.623	44.539	74.399	77.529	66.859	73.871	76.473
1996-12-01	136.934	69.917	88.682	69.851	45.255	74.470	77.532	66.967	73.956	76.503
1997-01-01	136.878	69.822	88.727	69.924	45.704	74.594	77.647	67.084	74.052	76.584
1997-02-01	137.049	70.078	88.812	69.981	45.718	74.715	77.762	67.268	74.208	76.741
1997-03-01	137.065	69.920	88.657	69.789	44.993	74.795	77.963	67.448	74.286	76.925
1997-04-01	136.028	69.982	88.506	69.896	44.303	74.852	78.106	67.618	74.359	77.075
1997-05-01	135.642	70.047	88.242	69.683	43.270	74.787	78.139	67.683	74.324	77.131
1997-06-01	135.359	70.128	88.009	69.478	43.190	74.885	78.259	67.920	74.420	77.245
1997-07-01	135.058	70.201	87.921	69.455	43.104	74.904	78.281	68.022	74.464	77.297
1997-08-01	134.696	70.359	87.990	69.645	43.961	74.969	78.243	68.078	74.524	77.267
1997-09-01	134.548	70.395	88.101	69.824	44.480	75.149	78.401	68.288	74.704	77.427
1997-10-01	134.516	70.438	88.091	69.822	44.414	75.182	78.442	68.431	74.801	77.545
1997-11-01	133.913	70.500	87.856	69.708	44.150	75.165	78.443	68.540	74.804	77.568
1997-12-01	133.619	70.471	87.712	69.616	43.550	75.161	78.513	68.582	74.788	77.613
1998-01-01	133.354	70.760	87.536	69.477	42.480	75.182	78.624	68.712	74.825	77.732
1998-02-01	132.933	70.627	87.221	69.209	41.466	75.144	78.708	68.796	74.787	77.798
1998-03-01	132.805	70.733	86.855	68.790	40.663	75.148	78.791	68.974	74.799	77.881
1998-04-01	132.872	70.810	86.894	68.816	40.239	75.202	78.895	69.090	74.891	78.024
1998-05-01	131.882	70.899	86.895	69.116	40.622	75.303	78.965	69.239	74.994	78.100
1998-06-01	131.361	70.942	86.782	69.133	40.795	75.231	78.851	69.198	74.931	78.002
1998-07-01	131.450	71.041	86.917	69.277	40.703	75.421	79.082	69.404	75.116	78.222
1998-08-01	131.006	71.247	86.893	69.384	40.188	75.527	79.245	69.565	75.220	78.375
1998-09-01	130.631	71.174	86.688	69.240	39.869	75.474	79.225	69.595	75.176	78.361
1998-10-01	130.437	71.502	86.767	69.403	39.968	75.646	79.384	69.798	75.341	78.514
1998-11-01	130.121	71.606	86.621	69.315	39.750	75.645	79.394	69.870	75.345	78.528
1998-12-01	129.605	71.584	86.645	69.512	39.282	75.720	79.537	69.970	75.420	78.663
1999-01-01	129.448	71.863	86.825	69.792	39.122	75.842	79.670	70.042	75.527	78.776
1999-02-01	128.958	71.904	86.531	69.571	38.830	75.811	79.659	70.116	75.484	78.749
1999-03-01	128.478	71.813	86.415	69.576	39.393	75.885	79.699	70.252	75.541	78.773
1999-04-01	128.640	71.965	87.328	70.700	41.682	76.264	79.893	70.363	75.906	78.975
1999-05-01	128.318	72.095	87.181	70.614	41.359	76.295	79.950	70.504	75.955	79.051
1999-06-01	127.999	72.100	87.128	70.650	41.207	76.304	79.977	70.562	75.979	79.092
1999-07-01	127.924	72.181	87.394	71.020	42.150	76.474	80.071	70.735	76.181	79.235
1999-08-01	127.719	72.289	87.578	71.328	43.357	76.579	80.054	70.851	76.319	79.273
1999-09-01	127.541	72.501	87.964	71.892	44.364	76.833	80.230	71.072	76.593	79.483
1999-10-01	127.306	72.557	87.961	71.966	44.505	76.937	80.334	71.264	76.723	79.619
1999-11-01	127.018	72.760	87.814	71.870	44.318	77.003	80.410	71.432	76.792	79.695
1999-12-01	126.582	72.864	88.064	72.339	45.428	77.184	80.501	71.577	76.970	79.796
2000-01-01	126.531	72.929	88.174	72.498	45.964	77.409	80.708	71.832	77.180	79.987
2000-02-01	126.180	73.138	88.476	73.025	47.637	77.670	80.829	72.046	77.422	80.106
2000-03-01	126.425	73.341	89.243	73.959	50.068	78.006	80.971	72.174	77.755	80.270
2000-04-01	126.234	73.381	88.969	73.660	48.516	77.895	80.987	72.207	77.690	80.323
2000-05-01	126.247	73.747	88.875	73.531	47.995	77.928	81.038	72.346	77.755	80.409
2000-06-01	125.853	73.785	89.284	74.205	50.786	78.162	81.030	72.542	78.019	80.470
2000-07-01	125.622	74.169	89.366	74.394	50.881	78.399	81.264	72.789	78.214	80.654
2000-08-01	125.105	74.409	88.940	74.013	49.393	78.390	81.378	72.979	78.209	80.757
2000-09-01	125.291	74.421	89.532	74.733	51.662	78.717	81.541	73.196	78.545	80.953
2000-10-01	125.055	74.452	89.328	74.546	51.773	78.840	81.675	73.447	78.652	81.067
2000-11-01	125.085	74.507	89.422	74.662	51.580	78.929	81.798	73.564	78.762	81.210
2000-12-01	124.973	74.922	89.381	74.650	51.857	79.009	81.821	73.760	78.883	81.289
2001-01-01	124.887	74.981	89.482	74.816	53.480	79.350	82.062	74.272	79.265	81.592
2001-02-01	124.470	75.435	89.463	74.941	53.005	79.465	82.200	74.461	79.388	81.736
2001-03-01	124.073	75.561	89.169	74.694	52.004	79.476	82.302	74.608	79.395	81.821
2001-04-01	123.901	75.628	89.309	74.943	52.308	79.620	82.438	74.746	79.534	81.951
2001-05-01	123.415	75.755	89.606	75.507	54.834	79.826	82.422	74.914	79.743	81.970
2001-06-01	123.462	76.055	89.634	75.528	54.295	79.958	82.601	75.109	79.885	82.154
2001-07-01	123.540	76.290	89.207	74.929	51.163	79.880	82.789	75.268	79.858	82.366
2001-08-01	122.948	76.529	88.832	74.643	50.286	79.865	82.831	75.428	79.848	82.406
2001-09-01	121.840	76.513	89.154	75.473	52.063	80.066	82.903	74.878	79.577	81.939
2001-10-01	122.373	76.845	88.645	74.597	48.777	79.912	83.002	75.529	79.857	82.516
2001-11-01	122.156	76.802	88.074	73.902	46.056	79.863	83.209	75.723	79.803	82.683
2001-12-01	121.982	76.678	87.608	73.336	44.784	79.772	83.234	75.822	79.721	82.702
2002-01-01	121.650	77.010	87.649	73.512	44.841	79.822	83.252	75.909	79.793	82.750
2002-02-01	120.907	77.220	87.610	73.735	44.577	79.925	83.376	76.125	79.926	82.907
2002-03-01	120.743	77.335	87.902	74.191	46.352	80.120	83.428	76.307	80.144	83.006
2002-04-01	120.651	77.586	88.510	75.055	48.022	80.445	83.631	76.511	80.479	83.238
2002-05-01	120.587	77.102	88.275	74.757	48.200	80.466	83.693	76.700	80.531	83.331
2002-06-01	120.235	77.025	88.223	74.816	48.128	80.531	83.788	76.872	80.632	83.463
2002-07-01	120.069	77.132	88.268	74.940	48.485	80.687	83.930	77.113	80.810	83.632
2002-08-01	119.851	77.121	88.354	75.145	48.769	80.848	84.097	77.308	80.969	83.797
2002-09-01	119.748	77.266	88.342	75.171	49.030	80.994	84.232	77.529	81.115	83.934
2002-10-01	119.549	77.214	88.414	75.349	50.292	81.138	84.288	77.713	81.262	84.005
2002-11-01	119.103	77.417	88.312	75.378	50.236	81.228	84.381	77.882	81.343	84.087
2002-12-01	118.624	77.435	88.138	75.324	50.390	81.309	84.463	78.081	81.421	84.165
2003-01-01	117.897	77.489	88.494	76.092	53.035	81.583	84.529	78.270	81.664	84.223
2003-02-01	117.526	77.823	88.984	76.898	56.081	81.924	84.605	78.545	82.009	84.339
2003-03-01	117.262	78.012	88.865	76.839	57.223	82.099	84.685	78.913	82.219	84.474
2003-04-01	116.931	78.034	88.128	75.959	54.109	81.897	84.742	79.062	82.080	84.568
2003-05-01	116.192	78.160	87.244	75.030	51.199	81.774	84.862	79.351	81.986	84.690
2003-06-01	115.725	78.645	87.299	75.289	51.315	81.863	84.904	79.457	82.074	84.738
2003-07-01	115.551	78.557	87.586	75.754	52.284	82.102	85.108	79.678	82.315	84.949
2003-08-01	115.037	79.004	87.999	76.535	54.574	82.392	85.191	79.890	82.593	85.045
2003-09-01	114.733	79.185	88.333	77.123	56.637	82.602	85.229	80.111	82.852	85.164
2003-10-01	114.328	79.479	87.875	76.647	54.516	82.578	85.368	80.354	82.862	85.320
2003-11-01	114.035	79.791	87.824	76.693	54.244	82.640	85.435	80.538	82.967	85.437
2003-12-01	113.803	80.231	88.020	77.062	55.057	82.807	85.511	80.713	83.150	85.544
2004-01-01	113.921	80.034	88.441	77.602	57.214	83.149	85.738	80.986	83.471	85.763
2004-02-01	113.981	80.121	88.647	77.865	57.965	83.356	85.906	81.149	83.649	85.902
2004-03-01	113.968	80.394	88.786	78.065	57.741	83.504	86.075	81.274	83.778	86.046
2004-04-01	113.999	80.557	88.706	77.937	57.015	83.602	86.241	81.547	83.934	86.270
2004-05-01	113.828	81.226	89.188	78.683	58.734	83.880	86.342	81.716	84.206	86.388
2004-06-01	113.755	81.387	89.478	79.119	60.338	84.131	86.476	81.931	84.447	86.525
2004-07-01	113.375	81.459	89.281	78.997	60.121	84.211	86.583	82.148	84.525	86.628
2004-08-01	112.786	81.494	89.074	78.948	60.304	84.262	86.624	82.316	84.569	86.661
2004-09-01	112.813	81.306	89.222	79.144	60.944	84.407	86.760	82.493	84.735	86.823
2004-10-01	113.089	81.792	90.033	80.176	63.370	84.777	86.930	82.633	85.099	87.012
2004-11-01	113.145	82.090	90.446	80.737	65.492	85.101	87.091	82.917	85.427	87.199
2004-12-01	113.203	82.024	90.206	80.370	64.825	85.111	87.169	83.107	85.473	87.311
2005-01-01	113.037	81.825	89.819	79.892	62.712	85.148	87.426	83.470	85.585	87.625
2005-02-01	112.878	81.644	90.083	80.330	64.634	85.419	87.595	83.695	85.823	87.770
2005-03-01	112.790	81.904	90.293	80.664	65.402	85.654	87.779	83.976	86.080	87.987
2005-04-01	112.724	82.710	90.581	81.103	66.728	85.895	87.860	84.193	86.321	88.089
2005-05-01	112.959	82.630	90.364	80.693	65.259	85.922	88.034	84.377	86.370	88.269
2005-06-01	112.542	82.505	90.233	80.679	65.427	85.974	88.094	84.523	86.423	88.330
2005-07-01	112.156	82.664	90.833	81.707	69.076	86.338	88.184	84.771	86.790	88.460
2005-08-01	111.771	82.636	91.529	82.870	73.426	86.722	88.254	84.945	87.140	88.532
2005-09-01	111.857	82.849	93.317	85.367	83.392	87.649	88.455	85.311	87.981	88.728
2005-10-01	111.760	82.936	92.832	84.714	82.204	87.738	88.665	85.766	88.121	88.982
2005-11-01	111.672	83.256	91.635	83.059	76.036	87.507	88.898	86.094	87.938	89.210
2005-12-01	111.569	83.339	91.490	82.892	74.732	87.476	88.968	86.168	87.938	89.302
2006-01-01	111.477	83.629	92.075	83.761	78.370	87.921	89.156	86.514	88.364	89.503
2006-02-01	111.224	83.482	91.805	83.483	77.410	87.952	89.288	86.731	88.417	89.647
2006-03-01	110.892	83.627	91.848	83.684	76.605	88.109	89.531	86.969	88.588	89.894
2006-04-01	110.904	83.474	92.491	84.596	79.579	88.470	89.724	87.262	88.999	90.169
2006-05-01	110.771	83.516	92.652	84.881	80.275	88.711	89.949	87.541	89.239	90.395
2006-06-01	110.368	83.788	92.696	85.115	80.353	88.905	90.149	87.850	89.459	90.623
2006-07-01	110.377	83.932	93.276	85.939	83.761	89.257	90.258	88.016	89.765	90.712
2006-08-01	110.371	84.133	93.681	86.520	85.444	89.566	90.458	88.237	90.047	90.896
2006-09-01	109.816	84.370	92.498	85.070	79.509	89.272	90.591	88.484	89.812	91.040
2006-10-01	109.758	84.612	91.553	83.746	73.661	88.989	90.731	88.647	89.599	91.204
2006-11-01	109.496	84.585	91.275	83.463	73.554	89.015	90.770	88.836	89.630	91.248
2006-12-01	109.200	84.404	91.824	84.375	77.225	89.336	90.865	89.036	89.949	91.370
2007-01-01	109.015	85.022	91.803	84.426	76.119	89.623	91.231	89.502	90.249	91.741
2007-02-01	109.008	85.695	92.111	84.871	76.998	89.915	91.430	89.768	90.529	91.939
2007-03-01	108.719	86.224	92.662	85.786	80.291	90.258	91.500	89.986	90.861	92.032
2007-04-01	108.460	86.422	92.865	86.189	81.636	90.455	91.599	90.206	91.074	92.163
2007-05-01	108.358	86.793	93.320	86.889	83.876	90.746	91.715	90.372	91.339	92.272
2007-06-01	108.364	87.251	93.396	86.994	84.311	90.927	91.845	90.627	91.532	92.424
2007-07-01	108.018	87.464	93.453	87.224	84.354	91.028	91.939	90.810	91.672	92.563
2007-08-01	107.530	87.800	93.166	87.021	83.022	91.050	92.041	91.052	91.734	92.701
2007-09-01	107.394	88.084	93.564	87.653	84.844	91.392	92.264	91.384	92.088	92.954
2007-10-01	107.396	88.433	93.827	88.027	85.513	91.730	92.571	91.672	92.367	93.196
2007-11-01	107.253	88.799	94.812	89.512	90.470	92.255	92.748	91.909	92.856	93.379
2007-12-01	106.938	88.881	94.991	89.902	91.245	92.493	92.957	92.145	93.072	93.567
2008-01-01	107.015	89.533	95.317	90.330	91.632	92.779	93.198	92.335	93.307	93.753
2008-02-01	106.847	89.985	95.492	90.646	92.814	93.009	93.325	92.529	93.492	93.844
2008-03-01	106.821	90.109	95.740	91.008	94.405	93.288	93.510	92.807	93.760	94.028
2008-04-01	106.387	91.286	95.893	91.408	94.935	93.530	93.626	92.993	93.934	94.083
2008-05-01	106.133	91.597	96.424	92.273	98.760	93.962	93.796	93.333	94.337	94.255
2008-06-01	106.072	92.192	97.802	94.267	106.336	94.698	93.998	93.675	95.021	94.471
2008-07-01	106.109	93.248	98.572	95.344	110.014	95.202	94.200	93.955	95.463	94.641
2008-08-01	105.877	93.748	98.132	94.806	106.348	95.155	94.381	94.061	95.386	94.757
2008-09-01	105.583	94.342	98.282	95.128	105.403	95.313	94.573	94.112	95.465	94.854
2008-10-01	105.488	94.737	96.710	92.934	96.172	94.848	94.712	93.940	94.835	94.719
2008-11-01	105.103	94.941	93.365	88.414	78.265	93.666	94.775	93.878	93.716	94.677
2008-12-01	104.711	94.902	91.735	86.296	70.480	93.126	94.789	93.878	93.192	94.631
2009-01-01	104.635	94.837	91.926	86.592	71.200	93.353	95.009	93.805	93.203	94.602
2009-02-01	104.640	94.545	92.532	87.433	73.249	93.629	95.200	93.764	93.369	94.677
2009-03-01	104.335	94.285	92.381	87.343	70.994	93.626	95.413	93.686	93.267	94.745
2009-04-01	104.379	93.893	92.677	87.734	70.703	93.749	95.624	93.745	93.401	94.957
2009-05-01	104.234	93.563	92.892	88.088	71.671	93.858	95.707	93.787	93.498	95.030
2009-06-01	104.176	93.645	94.340	90.130	78.895	94.451	95.801	93.920	94.053	95.151
2009-07-01	103.651	93.249	94.098	90.002	78.429	94.406	95.829	94.049	94.063	95.233
2009-08-01	103.232	93.264	94.507	90.758	80.916	94.707	95.981	94.258	94.336	95.374
2009-09-01	103.507	92.995	94.751	90.988	81.391	94.827	96.113	94.366	94.489	95.541
2009-10-01	103.853	93.095	94.969	91.153	82.164	95.087	96.346	94.792	94.847	95.893
2009-11-01	103.915	93.144	95.357	91.672	84.771	95.315	96.397	94.956	95.084	95.978
2009-12-01	103.682	93.299	95.314	91.708	84.336	95.340	96.446	95.059	95.140	96.060
2010-01-01	103.549	93.419	95.535	92.074	85.564	95.481	96.497	95.260	95.348	96.201
2010-02-01	103.182	93.511	95.282	91.870	84.246	95.439	96.549	95.375	95.345	96.285
2010-03-01	103.034	93.765	95.235	91.866	84.094	95.517	96.626	95.597	95.480	96.429
2010-04-01	102.639	93.871	95.071	91.799	84.105	95.556	96.660	95.752	95.532	96.478
2010-05-01	102.359	93.896	94.799	91.531	83.051	95.567	96.757	95.927	95.562	96.585
2010-06-01	102.012	93.807	94.502	91.255	81.871	95.529	96.820	96.011	95.522	96.632
2010-07-01	101.561	93.851	94.584	91.560	83.129	95.640	96.843	96.092	95.604	96.633
2010-08-01	101.638	93.899	94.764	91.783	83.899	95.772	96.931	96.200	95.735	96.726
2010-09-01	101.533	94.142	94.950	92.090	84.366	95.865	96.977	96.252	95.830	96.781
2010-10-01	101.377	94.185	95.434	92.845	87.233	96.108	97.024	96.471	96.135	96.928
2010-11-01	101.344	94.356	95.764	93.329	88.388	96.299	97.138	96.597	96.327	97.054
2010-12-01	101.057	94.472	96.277	94.183	91.492	96.536	97.150	96.671	96.545	97.074
2011-01-01	101.254	95.117	96.779	94.814	92.512	96.793	97.305	96.859	96.835	97.283
2011-02-01	101.380	95.725	97.217	95.384	93.800	97.097	97.501	97.047	97.105	97.453
2011-03-01	101.182	96.552	97.963	96.536	97.191	97.509	97.633	97.266	97.496	97.600
2011-04-01	101.421	96.902	98.767	97.582	100.453	97.919	97.823	97.489	97.908	97.824
2011-05-01	101.519	97.347	99.171	98.116	101.517	98.207	98.033	97.736	98.206	98.057
2011-06-01	101.641	97.553	98.935	97.725	99.326	98.205	98.183	97.821	98.186	98.164
2011-07-01	101.593	97.932	99.080	97.952	99.557	98.372	98.323	97.999	98.353	98.309
2011-08-01	101.475	98.501	99.326	98.356	99.864	98.622	98.536	98.223	98.584	98.505
2011-09-01	101.028	99.043	99.485	98.779	100.541	98.793	98.629	98.352	98.723	98.572
2011-10-01	101.056	99.157	99.459	98.731	99.749	98.863	98.765	98.368	98.725	98.619
2011-11-01	100.952	99.079	99.663	99.072	100.223	99.034	98.937	98.570	98.928	98.828
2011-12-01	100.864	99.279	99.435	98.783	98.483	99.118	99.152	98.765	98.984	98.992
2012-01-01	100.977	99.689	99.838	99.316	99.373	99.374	99.342	99.072	99.323	99.288
2012-02-01	100.856	99.617	100.169	99.851	101.264	99.618	99.494	99.240	99.545	99.426
2012-03-01	100.625	99.821	100.404	100.299	101.754	99.777	99.621	99.409	99.735	99.595
2012-04-01	100.366	99.878	100.379	100.382	101.643	99.886	99.749	99.616	99.866	99.746
2012-05-01	100.310	99.795	99.785	99.544	98.283	99.774	99.886	99.739	99.754	99.847
2012-06-01	100.002	99.971	99.279	98.947	95.652	99.718	100.007	99.913	99.704	99.950
2012-07-01	99.852	99.983	99.142	98.814	94.730	99.723	100.085	100.033	99.740	100.053
2012-08-01	99.657	100.018	99.819	99.891	99.492	100.099	100.151	100.200	100.075	100.116
2012-09-01	99.437	99.980	100.441	100.903	102.993	100.425	100.271	100.348	100.379	100.240
2012-10-01	99.347	100.239	100.742	101.390	104.206	100.630	100.395	100.643	100.677	100.482
2012-11-01	99.329	100.395	100.182	100.579	101.166	100.498	100.457	100.816	100.609	100.591
2012-12-01	99.242	100.616	99.819	100.084	99.442	100.477	100.540	100.971	100.593	100.664
2013-01-01	99.118	100.750	99.900	100.260	99.535	100.659	100.734	101.223	100.787	100.871
2013-02-01	99.020	100.818	100.581	101.310	104.027	101.051	100.843	101.434	101.156	100.992
2013-03-01	98.634	100.911	99.812	100.358	100.212	100.851	100.892	101.621	101.023	101.085
2013-04-01	98.299	101.023	99.234	99.666	97.530	100.606	100.800	101.792	100.944	101.163
2013-05-01	98.177	100.766	99.004	99.384	97.363	100.660	100.902	102.007	101.010	101.272
2013-06-01	98.140	100.995	99.241	99.753	98.332	100.908	101.095	102.215	101.228	101.438
2013-07-01	97.910	101.083	99.274	99.912	98.475	101.028	101.218	102.388	101.354	101.567
2013-08-01	97.594	101.144	99.405	100.258	99.359	101.138	101.275	102.556	101.510	101.685
2013-09-01	97.496	101.088	99.154	99.935	98.408	101.165	101.385	102.743	101.550	101.799
2013-10-01	97.319	101.155	99.067	99.890	98.057	101.231	101.485	103.046	101.722	102.015
2013-11-01	97.146	100.993	99.052	99.954	98.379	101.342	101.608	103.294	101.881	102.194
2013-12-01	96.763	101.140	99.161	100.302	99.625	101.527	101.718	103.545	102.084	102.333
2014-01-01	96.511	101.287	99.348	100.701	101.400	101.678	101.744	103.741	102.278	102.426
2014-02-01	96.250	101.575	99.256	100.694	101.138	101.731	101.798	103.878	102.338	102.489
2014-03-01	96.061	102.037	99.134	100.605	101.149	101.880	101.927	104.249	102.543	102.684
2014-04-01	95.988	102.349	99.376	101.003	101.263	102.023	102.056	104.427	102.742	102.879
2014-05-01	95.635	102.920	99.346	101.132	100.856	102.154	102.183	104.710	102.919	103.061
2014-06-01	95.499	102.929	99.423	101.318	101.077	102.251	102.281	104.846	103.035	103.180
2014-07-01	95.426	103.172	99.382	101.293	100.599	102.370	102.433	105.102	103.190	103.369
2014-08-01	95.254	103.453	99.127	100.998	99.349	102.352	102.475	105.212	103.177	103.408
2014-09-01	94.998	103.643	98.908	100.799	97.519	102.358	102.595	105.365	103.203	103.536
2014-10-01	94.942	103.674	98.644	100.430	95.485	102.269	102.633	105.460	103.177	103.629
2014-11-01	94.515	103.908	97.980	99.648	92.054	102.126	102.698	105.683	103.098	103.740
2014-12-01	94.072	104.155	97.115	98.567	87.458	101.906	102.762	105.891	102.940	103.837
2015-01-01	93.813	104.133	95.629	96.457	79.422	101.353	102.718	105.942	102.465	103.816
2015-02-01	93.993	104.208	95.951	96.849	80.727	101.543	102.837	106.033	102.634	103.920
2015-03-01	93.816	103.925	96.199	97.315	82.114	101.741	102.993	106.203	102.831	104.080
2015-04-01	93.900	103.698	96.063	97.064	81.068	101.817	103.181	106.394	102.910	104.256
2015-05-01	93.817	103.678	96.483	97.747	83.501	102.033	103.256	106.549	103.156	104.385
2015-06-01	93.622	103.961	96.598	98.022	84.757	102.193	103.322	106.793	103.356	104.511
2015-07-01	93.366	104.135	96.555	98.090	84.606	102.310	103.455	106.945	103.441	104.603
2015-08-01	92.998	104.300	96.242	97.806	83.205	102.272	103.497	107.111	103.442	104.679
2015-09-01	93.093	104.376	95.551	96.705	78.266	102.133	103.690	107.241	103.289	104.814
2015-10-01	92.915	104.535	95.403	96.571	77.527	102.122	103.715	107.296	103.274	104.829
2015-11-01	92.617	104.211	95.275	96.532	77.346	102.153	103.796	107.460	103.337	104.940
2015-12-01	92.352	103.866	94.802	95.949	75.157	102.022	103.833	107.581	103.253	105.009
2016-01-01	92.357	103.910	94.435	95.388	72.957	101.980	103.938	107.855	103.306	105.204
2016-02-01	92.186	104.027	93.921	94.693	69.027	101.915	104.137	108.027	103.242	105.369
2016-03-01	91.896	103.553	94.162	95.214	71.642	102.125	104.241	108.266	103.481	105.521
2016-04-01	92.135	103.579	94.599	95.754	73.657	102.401	104.416	108.558	103.823	105.786
2016-05-01	91.798	103.123	94.473	95.739	74.504	102.555	104.579	108.860	103.977	105.948
2016-06-01	91.250	102.881	94.579	96.189	76.379	102.746	104.691	109.106	104.175	106.077
2016-07-01	90.944	102.737	94.109	95.634	74.534	102.749	104.845	109.422	104.218	106.257
2016-08-01	90.720	102.653	94.095	95.733	74.336	102.835	104.967	109.668	104.374	106.456
2016-09-01	90.578	102.557	94.349	96.200	75.821	103.007	105.071	109.811	104.555	106.579
2016-10-01	90.427	102.557	94.572	96.626	77.548	103.203	105.177	110.046	104.786	106.737
2016-11-01	89.777	102.347	94.274	96.521	77.731	103.239	105.226	110.265	104.826	106.789
2016-12-01	89.622	102.186	94.412	96.819	79.277	103.438	105.368	110.485	105.017	106.929
2017-01-01	90.052	102.379	94.998	97.488	81.890	103.802	105.595	110.772	105.408	107.205
2017-02-01	90.056	102.574	94.980	97.460	81.207	103.918	105.757	111.030	105.570	107.414
2017-03-01	89.733	102.853	94.866	97.460	80.523	103.817	105.658	111.002	105.512	107.364
2017-04-01	89.639	102.932	94.746	97.327	80.556	103.925	105.774	111.421	105.744	107.620
2017-05-01	89.417	102.901	94.216	96.630	78.425	103.810	105.791	111.661	105.714	107.719
2017-06-01	89.178	102.705	94.080	96.550	78.041	103.895	105.937	111.891	105.815	107.876
2017-07-01	88.824	102.871	93.986	96.598	77.232	103.872	105.950	111.984	105.842	107.941
2017-08-01	88.624	102.953	94.267	97.143	79.665	104.118	106.060	112.218	106.093	108.074
2017-09-01	88.348	102.998	94.915	98.305	84.816	104.527	106.177	112.478	106.491	108.215
2017-10-01	88.561	103.127	94.765	97.953	82.938	104.676	106.468	112.803	106.648	108.499
2017-11-01	88.291	103.012	94.846	98.235	85.075	104.809	106.487	113.031	106.825	108.582
2017-12-01	88.086	103.082	94.788	98.262	85.290	104.905	106.579	113.303	106.980	108.742
2018-01-01	88.338	103.276	95.310	98.936	86.662	105.207	106.816	113.607	107.362	109.080
2018-02-01	88.091	103.191	95.446	99.289	87.992	105.466	107.037	113.939	107.625	109.311
2018-03-01	87.998	103.286	95.301	99.116	86.593	105.614	107.298	114.254	107.777	109.562
2018-04-01	88.146	103.488	95.545	99.413	87.191	105.836	107.496	114.444	107.988	109.750
2018-05-01	87.963	103.172	95.607	99.617	88.126	106.030	107.690	114.728	108.193	109.956
2018-06-01	87.622	103.216	95.504	99.652	88.494	106.098	107.739	114.977	108.317	110.073
2018-07-01	87.687	103.330	95.361	99.389	87.814	106.169	107.857	115.210	108.417	110.219
2018-08-01	87.428	103.423	95.249	99.362	88.821	106.220	107.837	115.402	108.502	110.246
2018-09-01	87.253	103.569	95.394	99.692	89.274	106.391	107.989	115.687	108.738	110.476
2018-10-01	87.328	103.448	95.587	99.952	90.471	106.573	108.129	115.868	108.924	110.626
2018-11-01	87.317	103.648	95.163	99.289	87.640	106.598	108.335	116.172	108.969	110.831
2018-12-01	87.208	103.821	94.535	98.365	84.856	106.549	108.454	116.554	108.991	111.009
2019-01-01	87.539	104.108	94.536	98.178	82.044	106.616	108.694	116.531	108.977	111.134
2019-02-01	87.399	104.604	94.708	98.527	83.316	106.775	108.741	116.697	109.146	111.207
2019-03-01	87.082	104.742	95.111	99.343	86.420	107.061	108.849	116.934	109.443	111.350
2019-04-01	86.964	104.295	95.330	99.755	88.556	107.349	109.085	117.335	109.780	111.650
2019-05-01	87.001	104.458	95.276	99.649	87.722	107.389	109.174	117.483	109.856	111.773
2019-06-01	87.338	104.297	95.042	99.086	85.643	107.416	109.362	117.738	109.935	112.000
2019-07-01	86.791	104.241	95.000	99.337	86.184	107.538	109.474	118.010	110.094	112.157
2019-08-01	86.641	104.243	94.851	99.190	85.030	107.571	109.592	118.155	110.132	112.270
2019-09-01	86.611	104.428	94.781	99.098	85.080	107.651	109.666	118.312	110.207	112.339
2019-10-01	86.520	104.567	94.991	99.484	86.475	107.901	109.855	118.533	110.423	112.496
2019-11-01	86.161	104.623	94.864	99.496	86.863	107.948	109.882	118.677	110.469	112.524
2019-12-01	85.666	104.601	94.884	99.826	87.978	108.140	110.039	119.085	110.736	112.772
2020-01-01	85.764	105.030	94.977	99.918	87.405	108.319	110.245	119.357	110.944	113.008
2020-02-01	86.031	105.540	94.949	99.710	85.798	108.467	110.478	119.572	111.070	113.206
2020-03-01	85.788	106.035	94.253	98.750	81.232	108.262	110.490	119.597	110.824	113.143
2020-04-01	85.302	108.467	93.371	97.641	73.220	107.894	110.293	119.201	110.237	112.668
2020-05-01	85.357	109.261	93.189	97.317	71.763	107.973	110.404	119.507	110.353	112.819
2020-06-01	85.176	109.683	93.689	98.250	75.032	108.332	110.570	119.825	110.746	113.051
2020-07-01	85.644	108.717	94.042	98.533	76.671	108.561	110.837	120.132	111.072	113.425
2020-08-01	86.514	108.691	94.525	98.761	77.306	108.873	111.165	120.373	111.411	113.782
2020-09-01	86.664	108.479	94.469	98.571	78.270	108.988	111.260	120.743	111.613	113.979
2020-10-01	86.687	108.599	94.361	98.379	78.105	109.004	111.277	120.874	111.648	114.017
2020-11-01	86.628	108.452	94.303	98.321	78.146	108.991	111.272	120.944	111.666	114.048
2020-12-01	86.829	108.630	94.718	98.874	81.149	109.328	111.457	121.467	112.150	114.422
2021-01-01	86.924	108.717	95.315	99.802	83.466	109.682	111.714	121.786	112.583	114.782
2021-02-01	86.869	109.011	95.687	100.465	87.337	110.125	111.956	122.165	112.961	114.975
2021-03-01	87.172	109.259	96.406	101.476	92.162	110.774	112.386	122.792	113.632	115.457
2021-04-01	88.608	109.633	97.102	101.632	90.917	111.247	112.975	123.324	114.238	116.186
2021-05-01	90.115	109.985	97.861	101.855	91.519	111.734	113.470	123.773	114.819	116.787
2021-06-01	91.335	110.670	98.684	102.400	93.471	112.292	113.927	124.277	115.458	117.349
2021-07-01	91.619	111.321	99.159	103.000	95.004	112.818	114.377	124.831	115.986	117.811
2021-08-01	92.432	111.783	99.755	103.449	96.729	113.222	114.691	125.192	116.444	118.199
2021-09-01	92.543	112.945	100.149	104.024	97.880	113.543	114.873	125.531	116.808	118.446
2021-10-01	93.464	113.773	101.224	105.190	101.735	114.292	115.420	125.927	117.479	118.929
2021-11-01	93.860	114.502	101.938	106.107	104.424	114.900	115.887	126.641	118.200	119.543
2021-12-01	94.763	114.864	102.608	106.610	105.376	115.499	116.489	127.253	118.841	120.193
2022-01-01	95.872	115.857	103.540	107.404	106.527	116.179	117.110	127.672	119.469	120.761
2022-02-01	96.036	117.517	104.790	109.376	110.572	117.042	117.697	128.015	120.178	121.205
2022-03-01	95.871	119.119	106.631	112.557	123.810	118.312	118.195	128.690	121.321	121.651
2022-04-01	96.035	120.371	106.443	112.134	119.991	118.494	118.522	129.204	121.563	122.030
2022-05-01	96.398	121.849	107.414	113.511	124.726	119.295	119.016	129.780	122.300	122.488
2022-06-01	97.090	123.053	109.154	115.940	134.256	120.561	119.785	130.639	123.512	123.258
2022-07-01	96.880	124.623	108.682	115.297	127.651	120.541	120.018	130.753	123.397	123.352
2022-08-01	97.347	125.588	108.316	114.367	120.475	120.728	120.580	131.519	123.728	124.031
2022-09-01	97.782	126.366	108.207	113.890	117.581	121.085	121.097	132.275	124.154	124.607
2022-10-01	97.399	127.043	108.621	114.841	120.314	121.656	121.527	132.856	124.676	124.998
2022-11-01	96.848	127.662	108.361	114.780	118.647	121.744	121.671	133.364	124.889	125.277
2022-12-01	96.632	128.175	107.814	114.017	114.420	121.983	122.156	134.109	125.141	125.746
2023-01-01	96.880	128.682	108.435	114.884	116.610	122.662	122.761	134.941	125.898	126.449
2023-02-01	96.705	128.956	108.596	115.278	115.984	123.083	123.257	135.454	126.277	126.888
2023-03-01	96.627	128.708	108.356	114.929	111.682	123.260	123.742	135.761	126.373	127.244
