DATE	WPU03T15M05	WPU057	WPU061	WPU071	WPU081	WPU101	WPU102	WPU114	WPU117	WPU1178	WPU142
1926-01-01					8.300	11.400	16.800				
1926-02-01					8.300	11.400	16.800				
1926-03-01					8.300	11.400	16.600				
1926-04-01					8.200	11.300	16.200				
1926-05-01					8.100	11.300	16.000				
1926-06-01					8.000	11.200	16.100				
1926-07-01					8.000	11.200	16.500				
1926-08-01					7.900	11.200	16.800				
1926-09-01					7.900	11.300	16.800				
1926-10-01					7.900	11.300	16.600				
1926-11-01					8.100	11.300	16.400				
1926-12-01					8.000	11.200	16.000				
1927-01-01					7.900	10.900	15.700				
1927-02-01					7.800	10.700	15.500				
1927-03-01					7.700	10.700	15.800				
1927-04-01					7.700	10.700	15.500				
1927-05-01					7.700	10.700	15.200				
1927-06-01					7.700	10.700	15.000				
1927-07-01					7.600	10.600	14.900				
1927-08-01					7.500	10.600	15.400				
1927-09-01					7.400	10.600	15.100				
1927-10-01					7.400	10.500	15.000				
1927-11-01					7.300	10.500	15.100				
1927-12-01					7.200	10.400	15.400				
1928-01-01					7.200	10.500	15.300				
1928-02-01					7.200	10.600	15.100				
1928-03-01					7.200	10.600	15.000				
1928-04-01					7.100	10.600	15.200				
1928-05-01					7.100	10.600	15.300				
1928-06-01					7.200	10.500	15.400				
1928-07-01					7.200	10.500	15.400				
1928-08-01					7.300	10.500	15.400				
1928-09-01					7.400	10.500	15.600				
1928-10-01					7.500	10.600	15.900				
1928-11-01					7.500	10.600	16.200				
1928-12-01					7.600	10.700	16.200				
1929-01-01					7.500	10.700	16.700				
1929-02-01					7.700	10.700	17.400				
1929-03-01					7.800	10.700	19.300				
1929-04-01					7.700	10.800	18.600				
1929-05-01					7.600	10.800	17.400				
1929-06-01					7.600	10.800	17.400				
1929-07-01					7.500	10.800	17.400				
1929-08-01					7.500	10.700	17.400				
1929-09-01					7.700	10.700	17.300				
1929-10-01					7.800	10.700	17.300				
1929-11-01					7.400	10.600	17.000				
1929-12-01					7.400	10.600	16.800				
1930-01-01					7.500	10.400	16.700				
1930-02-01					7.400	10.300	16.700				
1930-03-01					7.400	10.300	16.400				
1930-04-01					7.400	10.200	15.100				
1930-05-01					7.200	10.200	13.500				
1930-06-01					6.900	10.100	13.200				
1930-07-01					6.800	10.000	12.400				
1930-08-01					6.600	9.900	12.300				
1930-09-01					6.600	9.900	12.100				
1930-10-01					6.400	9.900	11.500				
1930-11-01					6.500	9.800	11.600				
1930-12-01					6.300	9.800	11.800				
1931-01-01					6.200	9.600	11.500				
1931-02-01					6.000	9.700	11.300				
1931-03-01					6.000	9.600	11.400				
1931-04-01					6.000	9.500	11.100				
1931-05-01					5.600	9.500	10.400				
1931-06-01					5.600	9.400	10.100				
1931-07-01					5.400	9.400	10.100				
1931-08-01					5.400	9.300	9.900				
1931-09-01					5.400	9.300	9.700				
1931-10-01					5.300	9.200	9.100				
1931-11-01					5.300	9.200	9.000				
1931-12-01					5.300	9.100	8.900				
1932-01-01					5.300	9.000	9.100				
1932-02-01					5.100	9.000	8.700				
1932-03-01					5.000	9.000	8.300				
1932-04-01					4.800	9.100	8.100				
1932-05-01					4.800	9.000	7.900				
1932-06-01					4.700	9.000	7.900				
1932-07-01					4.600	8.700	7.700				
1932-08-01					4.500	8.900	8.000				
1932-09-01					4.500	9.000	8.500				
1932-10-01					4.600	9.100	8.300				
1932-11-01					4.600	9.000	8.100				
1932-12-01					4.600	8.900	7.900				
1933-01-01			17.400		4.500	8.800	7.700				
1933-02-01			17.400		4.500	8.700	7.600				
1933-03-01			17.200		4.700	8.600	7.900				
1933-04-01			17.200		4.700	8.600	8.100				
1933-05-01			17.300		4.800	8.500	9.300				
1933-06-01			17.300		5.500	8.600	10.400				
1933-07-01			17.200		6.100	8.800	11.200				
1933-08-01			17.200		6.400	8.900	11.200				
1933-09-01			17.200		6.600	9.100	11.300				
1933-10-01			17.200		6.800	9.300	11.000				
1933-11-01			17.400		7.000	9.200	11.200				
1933-12-01			17.400		7.100	9.400	11.000				
1934-01-01			17.400		7.100	9.400	10.900				
1934-02-01			17.400		7.100	9.700	10.800				
1934-03-01			17.400		7.000	9.800	10.900				
1934-04-01			17.300		7.100	9.900	11.200				
1934-05-01			17.300		7.000	10.200	11.200				
1934-06-01			17.300		7.000	10.000	11.300				
1934-07-01			17.100		6.900	9.800	11.300				
1934-08-01			17.200		6.600	9.800	11.300				
1934-09-01			17.200		6.700	9.800	11.300				
1934-10-01			17.200		6.600	9.700	11.200				
1934-11-01			17.200		6.600	9.700	11.200				
1934-12-01			17.300		6.600	9.700	11.100				
1935-01-01			17.300		6.400	9.700	11.200				
1935-02-01			17.400		6.400	9.700	11.100				
1935-03-01			17.400		6.300	9.700	11.100				
1935-04-01			17.400		6.300	9.700	11.200				
1935-05-01			17.500		6.500	9.800	11.400				
1935-06-01			17.500		6.700	9.900	11.400				
1935-07-01			17.500		6.900	9.800	10.900				
1935-08-01			17.900		6.900	9.900	11.000				
1935-09-01			17.900		6.800	9.800	11.300				
1935-10-01			17.900		6.700	9.800	11.700				
1935-11-01			17.900		6.600	9.800	11.800				
1935-12-01			17.900		6.700	9.800	11.600				
1936-01-01			17.800		6.800	9.900	11.500				
1936-02-01			17.800		6.800	9.800	11.500				
1936-03-01			17.600		7.000	9.800	11.500				
1936-04-01			17.600		7.100	9.800	11.600				
1936-05-01			17.500		7.100	9.700	11.700				
1936-06-01			17.500		7.100	9.700	11.500				
1936-07-01			17.400		7.000	9.900	11.600				
1936-08-01			17.300		7.000	9.900	11.700				
1936-09-01			17.300		7.000	10.000	11.800				
1936-10-01			17.400		7.100	10.100	11.800				
1936-11-01			17.300		7.100	10.100	12.400				
1936-12-01			17.400		7.400	10.200	13.000				
1937-01-01			17.400		7.800	10.400	14.000				
1937-02-01			17.600		8.300	10.400	14.800				
1937-03-01			17.600		8.600	11.000	16.700				
1937-04-01			17.600		8.600	11.200	16.000				
1937-05-01			17.600		8.500	11.200	15.100				
1937-06-01			17.600		8.300	11.200	15.100				
1937-07-01			17.800		8.100	11.300	15.300				
1937-08-01			17.500		8.000	11.300	15.400				
1937-09-01			17.500		8.000	11.300	15.300				
1937-10-01			17.400		7.800	11.200	14.100				
1937-11-01			17.400		7.500	11.200	12.900				
1937-12-01			17.400		7.200	11.200	12.400				
1938-01-01			17.400		7.100	11.200	12.400				
1938-02-01			17.400		7.100	11.200	11.900				
1938-03-01			17.300		7.100	11.200	11.800				
1938-04-01			17.300		7.000	11.300	11.700				
1938-05-01			17.200		7.000	11.500	11.300				
1938-06-01			17.200		6.800	11.400	11.100				
1938-07-01			17.200		6.800	11.000	11.800				
1938-08-01			17.100		7.000	11.000	12.000				
1938-09-01			17.100		7.100	11.000	12.100				
1938-10-01			17.100		7.100	10.900	12.600				
1938-11-01			17.000		7.200	11.000	12.800				
1938-12-01			17.000		7.400	10.900	12.700				
1939-01-01			17.000		7.400	10.900	12.600	13.400	19.600		
1939-02-01			16.900		7.400	10.900	12.600	13.300	19.600		
1939-03-01			16.800		7.400	10.900	12.600	13.300	19.600		
1939-04-01			16.800		7.400	10.900	12.300	13.300	19.600		
1939-05-01			16.800		7.300	10.800	12.100	13.300	19.600		
1939-06-01			16.700		7.200	10.700	12.000	13.300	19.600		
1939-07-01			16.700		7.200	10.700	12.100	13.300	19.500		
1939-08-01			16.700		7.300	10.700	12.300	13.300	19.500		
1939-09-01			16.800		7.600	10.800	14.000	13.300	19.500		
1939-10-01			17.000		8.000	10.900	14.100	13.300	19.500		
1939-11-01			17.000		8.100	10.900	14.000	13.300	19.500		
1939-12-01			17.000		8.000	10.900	13.900	13.300	19.500		
1940-01-01			17.000		8.000	10.900	13.600	13.300	19.500		
1940-02-01			17.000		7.900	10.900	13.000	13.300	19.500		
1940-03-01			17.000		7.900	10.900	13.200	13.300	19.500		
1940-04-01			16.900		7.800	10.600	13.000	13.300	19.500		
1940-05-01			17.000		7.800	10.600	13.200	13.300	19.500		
1940-06-01			17.000		7.700	10.600	13.400	13.300	19.500		
1940-07-01			16.900		7.700	10.700	13.400	13.300	19.500		
1940-08-01			16.800		7.900	10.700	13.000	13.300	19.500		
1940-09-01			16.800		8.700	10.700	13.300	13.300	19.500		
1940-10-01			16.900		9.300	10.700	13.800	13.300	19.500		
1940-11-01			17.000		9.500	10.800	13.800	13.300	19.500		
1940-12-01			17.000		9.600	10.800	13.700	13.300	19.500		
1941-01-01			17.000		9.600	10.800	13.800	13.400	19.500		
1941-02-01			17.100		9.500	10.800	13.800	13.400	19.500		
1941-03-01			17.100		9.400	10.800	13.900	13.400	19.500		
1941-04-01			17.200		9.400	10.800	13.900	13.400	19.500		
1941-05-01			17.300		9.400	10.900	13.900	13.400	19.500		
1941-06-01			17.300		9.500	10.900	13.900	13.600	19.500		
1941-07-01			17.400		9.900	10.900	14.000	13.600	19.500		
1941-08-01			17.400		10.300	11.000	13.900	13.700	19.600		
1941-09-01			17.600		10.500	11.000	13.900	13.700	19.700		
1941-10-01			17.600		10.500	11.000	13.900	13.700	19.700		
1941-11-01			17.600		10.400	11.000	14.000	13.700	19.800		
1941-12-01			17.600		10.500	11.000	14.000	13.800	19.800		
1942-01-01			18.900		10.600	11.000	14.100	13.900	19.800		
1942-02-01			19.200		10.700	11.000	14.100	13.800	19.800		
1942-03-01			19.200		10.700	11.000	14.100	13.800	19.700		
1942-04-01			19.200		10.700	11.000	14.100	13.800	19.600		
1942-05-01			19.200		10.600	11.000	14.100	13.800	19.600		
1942-06-01			19.200		10.600	11.000	14.100	13.800	19.600		
1942-07-01			19.200		10.700	11.000	14.100	13.800	19.600		
1942-08-01			19.200		10.700	11.000	14.100	13.600	19.600		
1942-09-01			19.200		10.700	11.000	14.200	13.600	19.600		
1942-10-01			19.200		10.500	11.000	14.200	13.600	19.600		
1942-11-01			19.200		10.900	11.000	14.200	13.500	19.500		
1942-12-01			19.100		10.900	11.000	14.200	13.500	19.500		
1943-01-01			19.300		10.900	11.000	14.200	13.500	19.500		
1943-02-01			19.300		11.000	11.000	14.200	13.500	19.500		
1943-03-01			19.200		11.000	11.000	14.200	13.500	19.500		
1943-04-01			19.200		11.000	11.000	14.200	13.500	19.500		
1943-05-01			19.200		11.200	11.000	14.200	13.400	19.500		
1943-06-01			19.200		11.200	11.000	14.200	13.400	19.500		
1943-07-01			19.200		11.300	11.000	14.200	13.400	19.500		
1943-08-01			19.200		11.700	11.000	14.200	13.400	19.400		
1943-09-01			19.200		11.800	11.000	14.200	13.400	19.400		
1943-10-01			19.200		11.900	11.000	14.200	13.400	19.400		
1943-11-01			19.200		12.000	11.000	14.200	13.400	19.400		
1943-12-01			19.200		12.000	11.000	14.200	13.400	19.400		
1944-01-01			19.200		12.000	11.000	14.100	13.400	19.400		
1944-02-01			19.200		12.100	11.000	14.100	13.400	19.400		
1944-03-01			19.200		12.200	11.000	14.100	13.400	19.400		
1944-04-01			19.200		12.500	11.000	14.100	13.400	19.400		
1944-05-01			19.200		12.500	11.000	14.100	13.400	19.400		
1944-06-01			19.200		12.500	11.000	14.100	13.400	19.100		
1944-07-01			19.200		12.500	11.000	14.100	13.400	19.000		
1944-08-01			19.200		12.500	11.000	14.100	13.400	19.000		
1944-09-01			19.100		12.500	11.000	14.100	13.400	19.000		
1944-10-01			19.100		12.500	11.000	14.100	13.400	19.000		
1944-11-01			19.000		12.500	11.000	14.100	13.400	19.000		
1944-12-01			19.000		12.500	11.000	14.100	13.400	19.000		
1945-01-01			19.000		12.500	11.100	14.100	13.400	19.000		
1945-02-01			19.000		12.500	11.100	14.200	13.400	19.000		
1945-03-01			19.000		12.500	11.100	14.100	13.400	19.000		
1945-04-01			19.000		12.500	11.100	14.100	13.400	19.000		
1945-05-01			19.000		12.500	11.100	14.100	13.400	19.200		
1945-06-01			19.100		12.500	11.200	14.100	13.400	19.300		
1945-07-01			19.100		12.500	11.200	14.100	13.400	19.300		
1945-08-01			19.100		12.500	11.200	14.100	13.400	19.300		
1945-09-01			19.100		12.500	11.200	14.100	13.400	19.300		
1945-10-01			19.200		12.500	11.300	14.100	13.400	19.400		
1945-11-01			19.300		12.500	11.300	14.100	13.400	19.500		
1945-12-01			19.300		12.800	11.400	14.100	13.400	19.500		
1946-01-01			19.300		12.800	11.400	14.100	13.400	19.600		
1946-02-01			19.300		12.900	11.700	14.100	13.500	19.600		
1946-03-01			19.300		13.600	12.100	14.200	13.500	19.600		
1946-04-01			19.300		13.900	12.100	14.400	13.500	20.500		
1946-05-01			19.500		14.000	12.200	14.600	13.800	21.900		
1946-06-01			19.500		14.200	12.400	16.400	14.000	22.300		
1946-07-01			19.600		14.400	12.600	16.900	14.400	22.500		
1946-08-01			19.600		14.400	12.800	16.700	14.700	22.600		
1946-09-01			19.600		14.400	12.800	16.700	15.200	22.800		
1946-10-01			19.700		14.400	12.800	16.800	15.300	23.300		
1946-11-01			21.200		15.500	12.900	19.500	15.600	24.400		
1946-12-01			22.200		18.400	13.300	21.300	16.000	25.300		
1947-01-01		8.300	22.500		20.600	14.400	21.500	16.200	25.500		
1947-02-01		8.400	22.700		21.100	14.500	21.700	16.300	25.600		
1947-03-01		9.000	23.000		22.000	14.700	22.600	16.300	25.700		
1947-04-01		9.600	23.600		22.700	14.700	22.800	16.300	26.000		
1947-05-01		9.600	23.300		22.700	14.400	22.800	16.400	27.300		
1947-06-01		9.700	23.400		22.600	14.500	22.700	16.600	27.500		
1947-07-01		9.900	23.200		22.800	14.900	22.500	16.600	27.400		
1947-08-01		10.100	22.800		23.200	15.800	22.500	16.700	27.500		
1947-09-01		10.100	23.000		23.900	15.700	22.500	17.000	27.600		
1947-10-01		10.200	23.600		24.200	15.900	22.500	17.200	27.500		
1947-11-01		10.700	24.100		24.900	15.900	22.500	17.200	27.500		
1947-12-01		11.300	24.200		25.400	16.000	22.800	17.300	27.600		
1948-01-01		12.100	24.500		25.600	16.500	23.000	17.400	27.400		
1948-02-01		12.300	24.700		25.800	16.700	23.200	17.400	27.300		
1948-03-01		12.300	24.800		26.000	16.800	23.200	17.500	27.300		
1948-04-01		12.300	24.900		26.000	16.900	23.600	17.500	27.300		
1948-05-01		12.300	24.800		26.400	16.800	23.600	17.600	27.200		
1948-06-01		12.300	24.800		26.400	16.800	23.900	17.600	27.300		
1948-07-01		12.300	25.200		26.500	17.200	24.600	17.900	27.900		
1948-08-01		12.200	24.900		26.700	18.500	26.100	18.500	28.800		
1948-09-01		12.100	24.800		26.500	18.500	26.100	18.800	29.100		
1948-10-01		12.200	24.900		26.200	18.600	26.300	19.100	29.200		
1948-11-01		12.100	24.400		25.800	18.700	27.000	19.100	29.400		
1948-12-01		11.900	24.100		25.500	18.800	27.100	19.100	29.500		
1949-01-01		11.700	23.900		25.200	18.800	27.000	19.200	29.700		
1949-02-01		11.200	23.300		24.900	18.400	26.800	19.300	29.800		
1949-03-01		11.000	23.000		24.700	18.300	26.100	19.200	29.800		
1949-04-01		10.700	22.600		24.400	17.700	24.400	19.200	29.200		
1949-05-01		10.500	22.500		24.000	17.400	22.400	19.200	28.800		
1949-06-01		10.400	22.400		23.600	17.400	21.200	19.200	28.500		
1949-07-01		10.300	22.500		23.300	17.300	21.400	19.100	28.400		
1949-08-01		10.400	22.500		22.900	17.400	21.900	19.100	28.400		
1949-09-01		10.500	22.400		23.000	17.700	21.900	19.100	28.400		
1949-10-01		10.600	22.300		23.300	17.800	21.500	19.100	28.400		
1949-11-01		10.400	22.200		23.600	17.900	21.700	19.100	28.400		
1949-12-01		10.400	22.200		23.900	18.100	21.400	19.100	28.400		
1950-01-01		10.500	22.300		24.300	18.300	21.400	19.000	28.200		
1950-02-01		10.500	22.300		24.900	18.500	21.300	19.100	28.000		
1950-03-01		10.500	22.200		25.500	18.500	21.200	19.100	28.100		
1950-04-01		10.600	22.400		25.900	18.500	21.400	19.200	28.100		
1950-05-01		10.900	22.400		27.000	18.700	22.400	19.200	28.100		
1950-06-01		11.100	22.700		27.600	19.100	23.900	19.200	28.500		
1950-07-01		11.300	23.100		28.400	19.000	24.100	19.500	29.100		
1950-08-01		11.600	23.700		29.600	19.200	24.900	20.000	30.400		
1950-09-01		11.700	24.800		30.700	19.300	26.400	20.400	30.900		
1950-10-01		11.800	26.100		30.200	19.400	27.900	20.700	31.900		
1950-11-01		11.800	26.300		30.100	19.600	28.900	21.000	32.000		
1950-12-01		11.800	27.500		30.200	20.600	29.100	21.900	33.500		
1951-01-01		12.000	28.300		30.600	21.000	29.600	22.200	34.000		
1951-02-01		12.000	28.400		30.800	20.800	29.700	22.200	34.000		
1951-03-01		12.100	28.400		30.900	20.700	29.400	22.200	34.000		
1951-04-01		12.100	28.500		30.900	20.700	29.500	22.200	34.000		
1951-05-01		12.000	28.500		30.800	20.700	29.400	22.200	34.000		
1951-06-01		12.100	28.500		30.300	20.700	28.900	22.200	34.000		
1951-07-01		12.100	28.400		30.000	20.700	28.500	22.200	34.200		
1951-08-01		12.100	28.400		29.700	20.700	28.500	22.200	34.100		
1951-09-01		12.100	28.400		29.500	20.700	28.600	22.200	34.100		
1951-10-01		12.100	28.500		29.500	20.700	29.100	22.300	34.000		
1951-11-01		12.100	28.500		29.500	20.700	29.100	22.300	34.100		
1951-12-01		12.100	28.400		29.400	20.700	29.100	22.200	34.000		
1952-01-01		12.100	27.800		29.300	20.700	29.100	22.200	33.900		
1952-02-01		12.000	27.700		29.400	20.800	29.300	22.200	34.000		
1952-03-01		12.100	27.500		29.400	20.800	29.300	22.100	33.900		
1952-04-01		11.900	27.500		29.600	20.700	29.300	22.100	33.800		
1952-05-01		12.000	27.100		29.500	20.700	28.600	22.100	33.800		
1952-06-01		11.900	27.100		29.300	20.600	28.100	22.000	33.500		
1952-07-01		11.900	27.000		29.400	20.600	29.100	22.000	33.500		
1952-08-01		11.800	27.000		29.400	21.400	29.200	22.000	33.500		
1952-09-01		11.800	26.900		29.400	21.500	29.200	22.000	33.400		
1952-10-01		11.800	26.800		29.300	21.400	28.800	21.900	33.300		
1952-11-01		11.700	26.500		29.300	21.400	28.800	21.900	33.400		
1952-12-01		11.700	26.400		29.200	21.400	28.700	21.900	33.400		
1953-01-01		11.700	26.500		29.300	21.400	28.800	21.900	33.400		
1953-02-01		11.600	26.600		29.300	21.500	29.200	21.900	33.400		
1953-03-01		11.800	26.800		29.500	21.500	30.800	22.000	33.500		
1953-04-01		11.800	27.500		29.700	21.500	30.100	22.200	33.900		
1953-05-01		11.900	27.800		29.500	21.700	29.700	22.300	34.200		
1953-06-01		11.900	28.100		29.400	22.000	29.900	22.500	34.700		
1953-07-01		12.600	28.300		29.300	22.900	29.700	22.600	34.900		
1953-08-01		12.600	28.300		29.100	22.900	29.200	22.800	35.100		
1953-09-01		12.600	28.300		28.900	22.700	28.800	23.000	35.200		
1953-10-01		12.600	28.200		28.600	22.500	28.600	23.100	35.300		
1953-11-01		12.600	28.100		28.400	22.500	28.700	23.100	35.400		
1953-12-01		12.400	27.900		28.400	22.400	28.600	23.100	35.400		
1954-01-01		12.300	27.900		28.300	22.200	28.500	23.100	35.400		
1954-02-01		12.200	27.900		28.200	22.100	28.100	23.100	35.400		
1954-03-01		11.900	27.800		28.200	22.000	28.400	23.100	35.400		
1954-04-01		12.000	27.700		28.100	22.100	28.900	23.100	35.300		
1954-05-01		12.000	27.600		28.100	22.200	29.000	23.100	35.200		
1954-06-01		11.900	27.500		28.200	22.200	29.000	23.100	35.200		
1954-07-01		11.500	27.600		28.900	22.500	29.100	23.000	35.200		
1954-08-01		11.600	27.700		28.900	22.500	29.300	23.000	35.100		
1954-09-01		11.700	27.700		29.000	22.600	29.600	23.100	35.100		
1954-10-01		11.600	27.700		29.200	22.700	29.900	23.100	35.000		
1954-11-01		11.700	27.700		29.200	22.800	29.900	23.100	35.400		
1954-12-01		11.800	27.700		29.200	22.700	29.900	23.100	35.400		
1955-01-01		11.900	27.600		29.300	22.900	30.000	23.100	35.400		
1955-02-01		11.900	27.700		29.600	22.900	31.400	23.500	35.400		
1955-03-01		12.000	27.700		29.700	22.900	31.500	23.500	35.300		
1955-04-01		11.900	27.800		30.000	23.000	32.400	23.600	35.300		
1955-05-01		11.900	27.700		30.300	22.800	32.300	23.600	35.300		
1955-06-01		11.900	27.700		30.400	22.900	32.300	23.700	35.300		
1955-07-01		11.900	27.900		30.500	24.100	32.700	23.800	35.400		
1955-08-01		12.100	27.800		30.900	24.400	34.000	24.200	35.700		
1955-09-01		12.200	27.900		31.000	24.400	36.200	24.600	36.500		
1955-10-01		12.300	28.000		31.000	24.500	36.100	24.900	36.500		
1955-11-01		12.300	28.100		30.900	24.600	36.100	25.300	36.700		
1955-12-01		12.400	28.100		30.800	24.800	36.600	25.500	36.900		
1956-01-01		12.600	28.300		31.200	25.200	36.800	25.500	37.000		
1956-02-01		12.700	28.300		31.300	25.100	36.900	25.500	37.200		
1956-03-01		12.600	28.300		31.700	25.200	38.000	25.700	37.300		
1956-04-01		12.700	28.500		31.900	25.400	38.300	25.900	37.900		
1956-05-01		12.800	28.400		31.900	25.400	37.500	26.300	38.300		
1956-06-01		12.800	28.500		31.600	25.200	37.100	26.200	38.400		
1956-07-01		12.800	28.800		31.400	25.200	35.800	26.300	38.400		
1956-08-01		12.800	28.800		31.000	26.800	36.500	26.800	38.600		
1956-09-01		12.800	28.700		30.600	27.200	36.300	27.300	39.600		
1956-10-01		12.800	28.900		30.200	27.100	36.200	27.500	40.000		
1956-11-01		12.700	28.800		30.100	27.400	35.100	27.700	40.600		
1956-12-01		13.100	28.800		29.900	27.500	35.100	27.800	40.600		
1957-01-01		13.500	29.100		30.000	27.700	34.900	28.000	40.800		
1957-02-01		14.200	29.000		29.800	27.600	34.100	28.000	41.100		
1957-03-01		14.100	29.000		29.600	27.600	33.600	28.100	41.200		
1957-04-01		14.100	29.100		29.600	27.300	33.400	28.100	41.300		
1957-05-01		14.000	29.100		29.400	27.500	32.800	28.100	41.400		
1957-06-01		13.800	29.200		29.400	27.900	32.400	28.200	41.400		
1957-07-01		13.600	29.100		29.300	28.700	31.500	28.300	41.800		
1957-08-01		13.500	29.100		29.200	28.800	31.600	28.400	41.800		
1957-09-01		13.500	29.100		28.900	28.700	30.900	28.500	42.200		
1957-10-01		13.400	29.100		28.700	28.300	30.500	28.700	42.100		
1957-11-01		13.200	29.100		28.600	28.100	30.700	28.900	42.200		
1957-12-01		13.200	29.200		28.400	28.100	30.600	28.900	42.200		
1958-01-01		13.100	29.200		28.500	28.100	30.200	28.900	42.200		
1958-02-01		12.600	29.100		28.300	28.300	30.000	28.700	42.200		
1958-03-01		12.400	29.200		28.300	28.200	29.800	28.700	42.200		
1958-04-01		12.200	29.300		28.300	28.100	29.100	28.700	42.400		
1958-05-01		12.100	29.200		28.500	28.000	29.100	28.700	42.500		
1958-06-01		12.200	29.100		28.500	28.100	29.300	28.800	42.600		
1958-07-01		12.400	29.000		28.500	28.100	29.300	28.700	42.600		
1958-08-01		12.700	28.900		29.100	28.900	29.600	28.600	42.700		
1958-09-01		12.700	28.900		29.500	28.900	29.900	28.700	42.700		
1958-10-01		12.500	29.100		29.500	28.900	30.700	28.800	42.700		
1958-11-01		12.400	29.100		29.300	29.000	31.400	29.100	42.500		
1958-12-01		12.400	29.200		29.300	28.900	31.300	29.200	42.500		
1959-01-01		12.600	29.200		29.500	29.000	31.300	29.300	42.500		
1959-02-01		12.800	29.200		30.100	29.100	31.500	29.500	42.500		
1959-03-01		12.800	29.100		30.600	29.000	31.900	29.400	42.700		
1959-04-01		12.800	29.200		30.900	28.800	31.600	29.300	42.700		
1959-05-01		12.600	29.200		31.500	28.700	31.900	29.300	43.000		
1959-06-01		12.200	29.200		31.800	28.900	31.900	29.800	43.000		
1959-07-01		12.200	29.200		31.700	28.900	31.400	29.900	43.500		
1959-08-01		12.300	29.200		31.800	29.000	31.400	29.900	43.400		
1959-09-01		12.200	29.200		31.600	29.100	31.900	30.000	43.500		
1959-10-01		12.200	29.200		31.200	29.100	32.200	30.100	43.600		
1959-11-01		12.100	29.200		30.700	29.200	33.100	30.100	43.600		
1959-12-01		12.100	29.200		30.800	29.000	33.000	30.200	43.400		
1960-01-01		12.200	29.200		30.800	29.100	33.500	30.100	43.500		
1960-02-01		12.200	29.300		30.800	28.900	33.500	30.200	43.500		
1960-03-01		12.200	29.300		30.700	28.700	33.000	30.100	43.500		
1960-04-01		12.300	29.300		30.700	28.700	32.900	30.200	43.300		
1960-05-01		12.000	29.400		30.500	28.700	32.900	30.100	42.800		
1960-06-01		12.300	29.400		30.100	28.600	32.600	29.900	42.800		
1960-07-01		12.600	29.400		29.700	28.600	32.500	29.900	42.900		
1960-08-01		12.800	29.400		29.100	28.600	32.500	29.900	42.800		
1960-09-01		13.000	29.300		28.800	28.600	32.500	30.000	42.700		
1960-10-01		13.000	29.100		28.400	28.400	32.200	29.900	42.600		
1960-11-01		12.900	29.100		28.100	28.400	31.800	29.900	42.600		
1960-12-01		13.000	29.100		28.100	28.400	31.400	29.900	42.600		
1961-01-01		13.200	29.000		27.900	28.500	31.000	29.900	42.900		
1961-02-01		13.300	29.000		27.700	28.600	31.000	29.900	42.900		
1961-03-01		13.200	29.000		27.900	28.700	31.000	29.900	42.900		
1961-04-01		12.800	29.000		28.400	28.800	31.100	29.800	42.400		
1961-05-01		12.500	28.900		28.500	28.700	31.500	29.800	42.400		
1961-06-01		12.700	28.800		28.500	28.700	31.700	29.900	42.400		
1961-07-01		12.800	28.500		28.500	28.600	31.900	29.800	42.400		
1961-08-01		12.700	28.400		28.200	28.700	31.900	29.700	42.000		
1961-09-01		12.500	28.400		28.100	28.800	32.000	29.700	42.000		
1961-10-01		12.300	28.300		27.900	28.700	31.700	29.600	42.200		
1961-11-01		12.500	28.300		27.800	28.500	31.400	29.700	42.200		
1961-12-01		12.700	28.300		27.800	28.500	31.600	29.700	42.100		
1962-01-01		12.800	28.300		27.900	28.600	31.500	29.800	41.900		
1962-02-01		12.600	28.200		28.200	28.600	31.500	29.800	41.900		
1962-03-01		12.200	28.100		28.400	28.400	31.400	29.900	41.900		
1962-04-01		12.700	28.100		28.700	28.300	31.300	29.900	41.800		
1962-05-01		12.600	28.100		28.900	28.300	31.300	29.900	41.800		
1962-06-01		12.600	28.000		29.000	28.200	31.100	29.900	41.800		
1962-07-01		12.600	28.000		29.100	28.200	31.100	29.800	41.600		
1962-08-01		12.500	27.900		29.000	28.200	31.100	29.900	41.600		
1962-09-01		12.800	27.900		28.900	28.200	31.000	30.000	41.800		
1962-10-01		12.700	28.000		28.700	28.100	30.700	30.000	41.800		
1962-11-01		12.700	27.900		28.600	28.000	30.800	30.000	41.600		
1962-12-01		12.700	27.900		28.400	28.100	30.700	30.100	41.600		
1963-01-01		12.600	28.000		28.500	28.100	30.800	30.100	41.500		
1963-02-01		12.500	27.700		28.500	28.100	30.800	30.000	41.500		
1963-03-01		12.600	27.800		28.700	28.000	30.800	29.900	41.100		
1963-04-01		12.600	27.700		29.000	28.100	30.800	29.900	41.200		
1963-05-01		12.700	27.700		29.200	28.300	31.000	29.900	41.400		
1963-06-01		12.800	27.700		29.400	28.200	31.000	30.000	41.500		
1963-07-01		12.700	27.600		30.300	28.200	31.100	30.000	41.200		
1963-08-01		12.300	27.500		30.500	28.200	31.200	30.000	41.200		
1963-09-01		12.300	27.500		29.900	28.200	31.300	30.100	41.200		
1963-10-01		12.300	27.400		29.500	28.400	31.300	30.200	41.300		
1963-11-01		12.100	27.400		29.500	28.400	31.400	30.200	41.400		
1963-12-01		12.300	27.500		29.400	28.500	31.700	30.300	41.500		
1964-01-01		12.400	27.500		29.400	28.500	31.800	30.300	41.000		
1964-02-01		12.200	27.400		29.800	28.500	31.900	30.300	41.100		
1964-03-01		11.900	27.500		30.100	28.500	32.200	30.400	41.200		
1964-04-01		11.700	27.500		30.300	28.500	32.600	30.300	41.500		
1964-05-01		11.800	27.500		30.300	28.600	32.600	30.400	41.500		
1964-06-01		11.900	27.500		30.200	28.600	32.600	30.300	40.900		
1964-07-01		11.900	27.500		30.100	28.700	32.800	30.200	40.900		
1964-08-01		11.700	27.300		30.000	28.800	33.200	30.000	41.000		
1964-09-01		11.500	27.300		29.900	28.600	33.600	30.000	40.900		
1964-10-01		11.800	27.500		29.800	28.700	34.600	30.300	40.900		
1964-11-01		12.000	27.400		29.400	28.700	35.100	30.300	40.900		
1964-12-01		12.100	27.400		29.400	28.800	35.500	30.400	40.900		
1965-01-01		12.200	27.500		29.900	28.900	35.000	30.100	41.000		
1965-02-01		12.100	27.600		30.100	28.800	35.100	30.200	41.100		
1965-03-01		12.100	27.500		30.100	28.800	35.200	30.200	41.100		
1965-04-01		12.100	27.600		30.000	28.900	35.600	30.200	41.200		
1965-05-01		12.300	27.600		30.000	28.900	36.200	30.300	41.200		
1965-06-01		12.300	27.600		30.000	28.800	36.500	30.300	41.100		
1965-07-01		12.300	27.700		30.100	28.900	36.200	30.300	41.200		
1965-08-01		12.400	27.700		30.400	28.900	36.600	30.500	41.000		
1965-09-01		12.400	27.700		30.600	28.800	36.700	30.600	41.000		
1965-10-01		12.400	27.800		30.600	28.800	36.800	30.800	41.000		
1965-11-01		12.600	27.800		30.600	28.800	37.300	30.900	40.900		
1965-12-01		12.700	27.800		30.700	29.000	36.800	30.900	41.000	55.400	
1966-01-01		12.600	27.700		31.000	29.100	37.100	30.900	41.200	55.600	
1966-02-01		12.600	27.700		31.300	29.100	37.500	30.900	41.500	56.000	
1966-03-01		12.500	27.700		31.800	29.100	37.900	31.100	41.700	56.300	
1966-04-01		12.600	27.900		32.900	29.100	38.300	31.400	41.800	56.300	
1966-05-01		12.700	28.000		33.600	29.000	38.400	31.600	42.000	56.100	
1966-06-01		12.900	27.900		33.200	29.100	38.700	31.800	41.900	56.100	
1966-07-01		12.800	27.900		32.800	29.100	38.600	31.800	42.000	56.700	
1966-08-01		12.900	27.900		32.700	29.200	37.800	32.000	42.000	56.700	
1966-09-01		13.000	27.900		32.500	29.200	37.600	32.200	42.100	57.200	
1966-10-01		13.000	27.900		32.000	29.200	37.700	32.400	42.200	57.500	
1966-11-01		13.000	28.000		31.300	29.300	38.000	32.500	42.700	57.500	
1966-12-01		12.900	28.100		31.000	29.300	37.800	32.500	43.100	57.500	
1967-01-01	36.500	12.900	28.100	36.900	31.000	29.400	38.200	32.700	43.200	57.100	
1967-02-01	36.600	13.100	28.200	36.900	31.300	29.400	38.400	32.800	43.200	57.200	
1967-03-01	36.500	13.200	28.300	37.000	31.500	29.500	38.000	32.800	43.200	57.200	
1967-04-01	36.500	13.100	28.400	37.000	31.600	29.400	37.700	32.800	43.200	57.200	
1967-05-01	36.500	13.300	28.400	36.900	31.800	29.400	37.300	32.800	43.200	57.000	
1967-06-01	36.500	13.300	28.300	36.900	32.000	29.400	37.300	32.700	43.200	56.800	
1967-07-01	36.500	13.300	28.300	36.900	32.100	29.400	37.200	32.800	43.200	56.700	
1967-08-01	36.600	13.400	28.300	37.600	32.600	29.400	37.300	32.900	43.100	56.600	
1967-09-01	36.700	13.400	28.300	37.800	33.300	29.600	37.500	33.000	43.100	56.500	
1967-10-01	36.900	13.000	28.600	38.100	33.000	29.600	38.000	33.100	43.000	56.500	
1967-11-01	37.000	12.900	28.600	38.200	32.800	29.700	39.000	33.200	43.100	56.300	
1967-12-01	37.200	12.800	28.600	38.200	33.200	29.800	39.500	33.300	43.400	56.700	
1968-01-01	37.300	12.700	28.700	38.200	33.900	30.100	40.000	33.400	43.500	56.600	
1968-02-01	37.500	12.800	28.700	38.300	34.800	30.100	41.100	33.600	43.600	56.500	
1968-03-01	37.600	12.800	28.700	38.300	35.700	30.000	41.800	33.700	43.600	56.300	
1968-04-01	37.700	12.900	28.800	38.300	36.700	29.900	40.900	33.800	43.600	56.500	
1968-05-01	37.600	12.900	28.800	38.400	37.200	29.900	38.800	33.900	43.700	56.500	
1968-06-01	37.600	13.300	28.700	38.500	37.100	29.900	38.700	34.000	43.700	56.300	
1968-07-01	37.700	13.200	28.600	38.700	37.900	29.900	38.300	34.000	43.700	56.200	
1968-08-01	37.700	13.000	28.600	38.800	38.500	29.900	38.100	34.100	43.700	56.200	
1968-09-01	37.900	13.000	28.500	38.800	39.000	30.400	38.000	34.200	43.900	56.200	
1968-10-01	38.000	12.800	28.500	38.900	39.600	30.400	38.200	34.300	43.900	56.200	
1968-11-01	38.100	12.800	28.500	38.900	40.400	30.200	38.300	34.200	44.000	56.300	
1968-12-01	38.200	12.700	28.500	39.000	42.200	30.200	38.700	34.300	43.900	56.300	
1969-01-01	38.500	12.700	28.600	38.500	43.900	30.600	39.800	34.400	43.900	56.200	
1969-02-01	38.700	12.800	28.600	38.800	46.300	30.700	40.400	34.500	44.200	56.900	
1969-03-01	38.800	13.100	28.500	38.900	48.900	30.900	40.700	34.700	44.200	57.000	
1969-04-01	38.800	13.200	28.200	39.000	49.000	31.000	41.500	34.800	44.200	57.100	
1969-05-01	38.900	13.200	28.200	38.900	46.300	31.300	42.000	34.900	44.300	57.100	
1969-06-01	38.900	13.300	28.300	38.900	42.300	31.400	42.500	35.100	44.400	57.100	
1969-07-01	38.900	13.300	28.400	39.500	39.600	31.600	42.600	35.200	44.400	57.100	
1969-08-01	39.100	13.200	28.600	39.600	38.900	32.100	43.700	35.300	44.400	57.100	
1969-09-01	39.300	13.100	28.600	39.500	38.500	32.200	45.000	35.600	44.700	57.500	
1969-10-01	39.500	13.100	28.400	39.800	38.000	32.400	45.400	35.800	44.800	57.600	
1969-11-01	39.600	13.100	28.500	40.100	38.400	32.400	45.900	35.900	45.000	57.800	
1969-12-01	39.700	13.100	28.500	40.100	38.100	32.500	47.000	36.200	45.100	57.600	
1970-01-01	39.900	13.000	28.500	40.300	37.700	32.700	48.000	36.600	45.300	57.600	
1970-02-01	40.000	13.000	28.400	40.400	36.900	33.300	48.000	36.600	45.200	56.900	
1970-03-01	40.200	13.000	28.300	40.300	36.500	33.500	48.200	36.800	45.400	56.900	
1970-04-01	40.300	13.000	28.500	40.400	36.700	33.400	49.300	36.900	45.500	57.100	
1970-05-01	40.400	13.300	28.600	40.400	36.900	33.900	49.300	37.100	45.600	56.700	
1970-06-01	40.500	13.100	28.600	40.400	36.500	34.300	48.600	37.100	45.900	57.500	
1970-07-01	40.500	13.200	28.800	41.300	36.200	34.300	47.800	37.500	46.100	57.500	
1970-08-01	40.500	13.300	28.700	41.700	36.500	34.200	47.200	37.600	46.200	57.400	
1970-09-01	40.600	13.300	28.700	41.900	36.800	34.400	46.400	37.800	46.400	57.600	
1970-10-01	40.900	13.300	28.800	42.000	36.600	34.600	46.100	38.100	46.400	57.600	
1970-11-01	40.800	13.500	28.800	42.000	36.100	34.300	45.000	38.200	46.600	57.900	
1970-12-01	40.800	14.200	28.700	42.000	35.700	34.300	44.000	38.500	46.700	57.900	
1971-01-01	41.000	14.200	28.900	41.500	36.400	34.600	43.300	38.500	46.900	58.400	36.700
1971-02-01	41.200	14.100	28.900	41.500	38.700	34.800	42.800	38.600	47.100	58.400	36.700
1971-03-01	41.400	14.000	29.000	41.500	41.500	34.800	42.600	38.800	47.200	58.700	36.700
1971-04-01	41.600	13.800	28.900	41.400	42.500	34.900	44.000	39.000	47.100	58.300	36.700
1971-05-01	41.700	14.100	28.900	41.400	42.900	35.400	43.900	39.200	47.100	58.200	36.700
1971-06-01	41.800	14.100	29.000	41.500	43.500	35.500	43.600	39.300	47.100	58.000	36.700
1971-07-01	42.000	14.200	29.100	42.300	46.100	36.000	43.700	39.500	47.200	58.100	36.700
1971-08-01	42.200	14.200	29.000	42.500	47.600	37.000	43.900	39.600	47.300	58.100	36.700
1971-09-01	42.200	14.200	29.100	42.400	47.500	37.100	43.700	39.600	47.200	58.000	36.700
1971-10-01	42.200	14.100	29.100	42.300	46.100	37.100	43.600	39.600	47.200	58.000	36.100
1971-11-01	42.100	14.000	28.800	42.300	45.800	37.000	43.500	39.600	47.100	57.900	36.100
1971-12-01	42.300	14.000	28.700	42.300	46.400	37.000	43.100	39.700	47.100	57.900	37.000
1972-01-01	42.500	13.900	28.800	42.400	47.300	37.400	43.400	39.700	47.300	58.100	38.400
1972-02-01	42.700	13.900	28.800	42.200	48.400	37.800	43.600	39.900	47.500	58.700	38.400
1972-03-01	42.900	14.000	28.600	42.200	49.000	37.900	44.500	40.000	47.600	58.700	38.400
1972-04-01	43.000	14.000	28.800	42.200	49.900	37.800	44.600	40.100	47.600	58.600	38.400
1972-05-01	43.100	14.100	28.800	42.200	50.500	37.800	44.700	40.200	47.700	59.100	38.400
1972-06-01	43.200	14.300	28.800	42.300	51.200	37.800	44.600	40.400	47.800	59.000	38.400
1972-07-01	43.300	14.300	28.800	42.500	52.000	37.800	44.300	40.400	47.800	59.000	38.400
1972-08-01	43.400	14.500	28.700	42.700	52.800	37.900	44.300	40.400	47.800	58.900	38.400
1972-09-01	43.500	14.600	28.700	42.700	53.100	38.000	44.500	40.500	47.700	58.700	38.400
1972-10-01	43.500	14.600	28.600	42.700	53.500	38.000	44.500	40.500	47.700	58.600	38.600
1972-11-01	43.600	14.700	28.600	42.800	53.700	38.100	44.500	40.600	47.800	58.600	38.600
1972-12-01	43.700	14.700	28.600	42.800	54.000	38.200	44.500	40.600	47.800	58.700	38.600
1973-01-01	43.900	14.700	28.700	42.900	54.400	38.900	44.700	40.700	47.900	58.900	38.600
1973-02-01	44.300	15.600	28.900	43.000	58.700	39.200	45.900	40.900	47.900	58.800	38.800
1973-03-01	44.800	15.900	28.900	43.100	63.000	39.300	48.700	41.100	48.100	58.900	39.000
1973-04-01	45.300	16.100	29.100	43.200	66.700	39.500	49.800	41.300	48.200	59.100	39.000
1973-05-01	45.700	16.400	29.100	43.700	69.300	39.900	50.500	41.600	48.500	59.300	39.000
1973-06-01	45.900	16.800	29.200	44.100	69.100	40.100	51.200	41.800	48.700	59.400	39.000
1973-07-01	45.900	17.100	29.300	44.300	67.400	40.100	51.500	41.900	48.700	59.400	39.000
1973-08-01	46.100	17.100	29.400	44.400	67.800	40.100	52.300	41.900	48.700	59.400	39.000
1973-09-01	46.300	17.200	29.600	44.200	69.800	40.300	52.600	42.000	48.700	59.400	39.000
1973-10-01	46.700	17.600	29.900	44.900	69.000	40.900	53.400	42.200	48.800	59.500	39.000
1973-11-01	47.100	18.400	29.900	45.300	67.900	41.800	55.000	42.900	48.900	59.600	39.100
1973-12-01	47.700	19.900	30.000	46.100	69.100	42.000	59.000	43.000	49.200	60.000	39.200
1974-01-01	48.500	21.900	30.700	46.600	68.600	42.700	61.100	43.600	49.700	60.300	39.200
1974-02-01	49.100	24.700	31.300	47.400	68.400	43.900	62.600	44.000	50.000	60.400	39.200
1974-03-01	50.300	27.100	34.600	49.100	71.200	46.500	66.900	44.700	50.500	60.900	39.200
1974-04-01	51.700	28.300	37.100	49.700	74.300	48.600	70.800	45.900	51.200	61.500	39.700
1974-05-01	53.000	29.500	39.200	50.700	73.100	49.900	76.000	47.500	52.100	62.200	41.800
1974-06-01	54.000	30.500	41.700	51.100	70.900	52.500	76.000	49.100	53.300	63.200	41.800
1974-07-01	55.300	31.500	44.100	52.400	68.900	56.200	75.300	50.500	54.500	63.700	42.000
1974-08-01	56.700	32.000	47.600	53.500	66.500	57.700	76.000	52.000	55.500	64.700	42.000
1974-09-01	57.200	31.900	49.500	53.800	64.200	58.400	74.700	53.200	56.300	64.300	43.300
1974-10-01	57.900	32.100	51.600	54.400	59.100	58.700	72.400	54.700	57.200	64.900	43.900
1974-11-01	58.300	31.300	53.900	54.600	57.300	58.900	71.000	55.600	58.500	66.400	44.300
1974-12-01	58.400	31.300	55.200	55.200	57.000	58.000	69.000	56.200	59.000	66.400	45.100
1975-01-01	58.800	31.800	55.800	55.500	56.800	58.800	67.800	56.800	59.600	66.600	46.100
1975-02-01	59.200	31.600	57.300	55.900	58.300	59.100	66.800	57.200	59.900	66.500	46.100
1975-03-01	59.300	31.800	58.900	56.000	58.700	59.200	66.000	57.500	60.100	66.200	46.300
1975-04-01	59.600	32.000	58.800	56.100	60.900	59.300	65.300	57.900	60.200	66.100	48.200
1975-05-01	59.700	32.300	59.200	56.100	64.600	59.200	64.900	58.400	60.500	65.600	48.200
1975-06-01	59.700	33.100	58.700	56.100	64.200	58.800	64.200	58.600	60.600	65.700	48.200
1975-07-01	59.700	34.000	58.500	57.200	63.300	58.200	63.600	59.100	60.800	65.600	48.200
1975-08-01	59.900	35.300	58.800	57.200	63.700	58.500	64.200	59.300	60.900	65.400	48.200
1975-09-01	60.200	35.700	59.100	57.300	63.300	59.100	64.800	59.600	61.200	65.000	49.400
1975-10-01	60.800	36.000	59.300	57.500	63.100	60.400	64.800	59.800	61.500	64.700	50.900
1975-11-01	61.000	36.100	59.700	57.700	62.100	60.200	64.500	60.100	61.800	64.900	50.900
1975-12-01	61.300	36.100	59.900	57.800	64.400	60.300	64.300	60.400	61.800	64.900	50.900
1976-01-01	61.800	35.800	60.600	58.000	67.600	60.800	64.100	60.700	62.300	65.000	53.900
1976-02-01	62.200	35.800	61.400	58.400	70.700	61.800	64.400	61.000	62.500	65.300	53.800
1976-03-01	62.500	35.400	61.800	59.200	74.100	62.400	65.200	61.200	62.600	65.300	53.800
1976-04-01	62.900	35.100	61.900	59.300	74.200	62.900	67.400	61.600	62.700	65.400	53.800
1976-05-01	63.100	35.100	62.000	59.400	73.100	62.900	68.900	62.000	62.800	65.500	53.800
1976-06-01	63.400	35.500	62.000	59.500	72.200	64.400	69.500	62.500	63.100	65.800	53.800
1976-07-01	63.700	36.400	62.200	59.900	74.400	64.900	71.000	62.600	63.200	65.900	53.800
1976-08-01	64.000	36.900	62.700	62.100	76.000	64.900	71.300	62.800	63.300	65.800	53.800
1976-09-01	64.300	37.300	62.900	63.400	78.600	64.500	72.000	63.300	64.000	66.000	54.700
1976-10-01	64.700	37.400	63.000	64.000	79.000	64.500	71.500	63.700	64.400	66.300	55.700
1976-11-01	64.800	37.500	63.100	64.000	78.600	64.600	71.100	63.700	64.600	66.400	55.700
1976-12-01	65.100	37.800	62.800	64.000	81.100	65.700	70.200	64.000	64.800	66.600	57.600
1977-01-01	65.500	38.000	62.900	63.900	83.000	66.100	70.700	64.400	65.100	67.100	58.300
1977-02-01	65.700	38.800	63.200	63.000	83.500	66.300	71.900	64.700	65.400	67.200	58.300
1977-03-01	66.200	39.700	63.100	63.200	85.700	67.100	74.300	65.000	65.600	67.200	58.300
1977-04-01	66.700	40.300	63.400	64.200	86.500	67.300	75.900	65.200	65.700	67.500	58.400
1977-05-01	66.900	40.800	63.600	64.200	86.300	67.200	76.200	65.900	66.000	67.500	58.400
1977-06-01	67.000	41.000	63.600	64.600	85.200	66.900	74.800	66.400	66.100	67.500	58.400
1977-07-01	67.400	41.200	63.700	65.300	88.800	68.500	75.100	66.700	66.500	67.400	58.400
1977-08-01	67.800	41.100	63.700	65.500	92.100	68.800	75.300	67.000	66.700	67.500	58.400
1977-09-01	68.100	41.100	63.600	65.800	97.100	69.600	74.000	67.300	67.200	68.400	59.200
1977-10-01	68.600	41.300	63.800	66.200	94.100	69.100	73.400	67.600	67.900	68.800	60.800
1977-11-01	68.700	41.200	63.800	66.200	91.600	68.900	73.700	68.000	68.200	69.100	62.000
1977-12-01	68.900	41.200	63.900	66.300	93.600	69.500	74.000	68.200	68.200	69.000	62.000
1978-01-01	69.500	41.300	63.600	66.500	96.700	70.200	75.100	68.700	69.100	70.700	63.100
1978-02-01	70.000	41.100	63.600	66.500	99.300	72.200	75.800	69.100	69.400	70.800	63.100
1978-03-01	70.400	40.800	63.600	66.900	100.500	73.000	76.300	69.500	69.900	71.500	63.100
1978-04-01	71.200	40.900	63.600	68.000	101.900	74.300	77.000	69.900	70.300	71.200	63.100
1978-05-01	71.600	41.300	63.500	68.900	101.800	74.300	77.100	70.500	70.600	71.600	63.100
1978-06-01	72.000	41.800	63.500	69.300	103.200	74.500	77.900	71.000	71.100	72.000	63.100
1978-07-01	72.500	42.200	63.800	69.500	102.700	74.900	78.100	71.500	71.400	72.200	63.100
1978-08-01	73.000	42.500	64.200	69.800	105.100	76.300	80.100	71.800	71.600	72.100	63.100
1978-09-01	73.400	42.800	64.200	70.200	106.900	76.300	80.200	72.300	71.900	72.200	64.300
1978-10-01	74.200	43.300	64.700	71.100	107.600	76.700	82.400	72.900	72.300	73.000	65.900
1978-11-01	74.700	43.600	64.500	71.900	110.000	77.200	82.800	73.600	73.200	73.800	67.300
1978-12-01	75.000	44.400	65.000	72.000	109.100	77.600	83.100	74.000	73.600	73.900	67.400
1979-01-01	76.000	45.200	66.400	72.700	108.300	80.300	84.800	74.500	73.900	74.100	68.400
1979-02-01	76.800	46.000	67.300	73.800	109.400	81.100	90.700	74.900	74.600	74.500	68.400
1979-03-01	77.700	47.300	68.000	74.500	112.800	82.600	93.600	75.800	75.100	74.800	68.800
1979-04-01	78.700	49.700	70.400	75.100	114.300	82.600	98.500	76.500	75.600	75.400	69.000
1979-05-01	79.200	52.500	72.500	75.700	114.200	82.400	98.000	77.000	76.200	75.600	69.200
1979-06-01	79.600	55.600	73.500	76.500	114.200	83.500	98.500	77.300	76.700	76.400	69.300
1979-07-01	80.300	59.100	76.700	78.300	114.200	84.600	99.500	78.000	77.700	77.500	69.500
1979-08-01	80.700	63.400	78.600	80.100	117.500	84.400	99.800	78.400	78.200	77.900	70.300
1979-09-01	81.400	67.500	79.400	81.100	120.300	84.200	102.200	79.000	78.800	79.200	70.300
1979-10-01	82.800	70.100	81.000	82.300	119.200	85.300	107.400	79.900	79.600	79.500	71.000
1979-11-01	83.200	71.700	81.800	83.500	114.400	86.100	107.800	80.300	79.800	79.900	71.800
1979-12-01	83.800	72.900	82.900	83.800	109.200	86.400	110.700	81.400	80.600	80.700	72.300
1980-01-01	86.000	76.600	85.900	84.500	108.200	87.700	123.800	82.600	82.300	83.000	75.300
1980-02-01	87.300	81.500	87.300	86.400	109.900	88.600	128.100	83.300	83.900	85.100	75.300
1980-03-01	87.600	86.600	88.900	86.500	109.600	89.000	121.900	84.400	84.900	85.900	75.300
1980-04-01	88.200	89.100	91.400	87.100	99.800	90.600	113.200	85.900	85.900	87.100	75.900
1980-05-01	88.200	89.400	93.200	87.600	97.000	89.900	109.900	86.400	86.300	88.200	75.900
1980-06-01	88.700	89.500	93.500	88.400	100.700	89.500	109.600	87.100	87.100	89.200	75.900
1980-07-01	89.400	91.100	93.200	89.300	105.300	88.700	111.000	87.500	88.000	89.800	76.100
1980-08-01	90.000	91.600	93.600	89.700	107.400	89.300	113.200	87.800	88.500	90.900	76.100
1980-09-01	90.200	91.500	92.900	90.600	105.600	89.800	114.600	88.800	89.000	91.200	78.900
1980-10-01	91.500	90.700	93.600	91.300	103.200	91.600	117.400	89.600	89.400	91.200	87.000
1980-11-01	91.800	91.600	94.400	91.500	104.600	92.200	114.600	90.200	89.600	91.400	87.000
1980-12-01	92.500	94.200	94.900	91.500	107.100	93.300	111.300	90.700	90.200	92.000	87.400
1981-01-01	93.800	96.800	97.700	91.900	106.600	95.300	110.800	91.600	91.500	93.000	89.400
1981-02-01	94.300	101.100	99.900	92.800	105.200	95.300	109.000	92.200	92.300	93.300	89.400
1981-03-01	94.800	108.400	100.500	94.100	104.900	96.800	108.700	92.900	93.300	94.600	89.900
1981-04-01	96.000	110.500	102.800	94.500	107.400	97.600	109.400	93.500	93.900	94.100	90.000
1981-05-01	96.400	109.700	104.500	95.000	108.200	97.500	109.100	94.100	93.900	94.200	90.000
1981-06-01	96.600	108.800	104.900	95.900	108.000	97.400	107.900	94.400	94.700	95.100	90.300
1981-07-01	97.200	107.200	105.100	95.100	107.000	99.900	107.300	95.600	95.500	96.700	90.300
1981-08-01	97.600	106.900	105.400	95.900	106.200	100.300	109.000	96.100	96.200	96.900	90.300
1981-09-01	97.700	105.900	105.500	97.200	103.000	100.200	109.800	96.700	96.800	97.000	92.700
1981-10-01	98.500	105.400	104.300	98.200	100.300	100.700	108.300	97.100	97.300	96.900	92.400
1981-11-01	98.600	104.900	103.100	98.700	98.700	100.300	106.600	97.400	97.600	97.000	95.500
1981-12-01	98.800	104.900	102.900	98.800	99.700	100.300	105.100	98.000	98.000	97.400	95.500
1982-01-01	99.400	105.300	102.900	98.000	99.700	101.200	104.100	98.700	98.800	99.100	97.300
1982-02-01	99.500	103.700	102.700	99.300	99.100	101.100	103.800	99.100	99.100	99.400	97.300
1982-03-01	99.600	101.200	102.500	99.600	99.200	101.000	101.400	99.300	99.500	99.700	97.300
1982-04-01	99.800	96.400	101.500	99.600	100.500	101.100	100.900	99.800	100.000	99.700	98.600
1982-05-01	100.000	93.700	101.300	100.500	99.900	100.700	100.000	99.900	99.900	99.800	98.600
1982-06-01	99.900	97.100	99.600	100.600	101.600	99.800	96.100	99.800	100.000	99.700	98.600
1982-07-01	99.900	102.000	99.000	100.400	102.700	99.500	97.300	100.300	100.000	99.700	98.600
1982-08-01	99.900	102.700	99.000	100.900	100.300	99.400	97.000	100.300	100.100	99.800	98.600
1982-09-01	99.900	100.000	98.300	100.600	99.800	99.300	100.600	100.300	100.100	100.000	101.500
1982-10-01	100.600	99.100	98.100	100.400	98.300	99.600	99.700	100.600	100.500	100.200	102.500
1982-11-01	100.600	99.600	97.900	100.000	98.200	99.100	99.300	100.800	100.900	101.400	103.600
1982-12-01	100.800	99.100	97.100	100.200	100.600	98.200	99.800	101.000	101.200	101.400	107.400
1983-01-01	101.000	94.700	96.200	100.700	105.200	98.300	101.300	101.100	101.600	101.700	106.300
1983-02-01	101.500	91.000	96.500	100.200	110.900	100.300	104.600	101.300	102.400	102.300	106.700
1983-03-01	101.500	87.600	96.100	99.800	112.400	100.800	102.600	101.200	102.600	102.400	107.100
1983-04-01	101.800	84.800	96.100	99.700	114.000	100.700	103.100	101.400	102.900	102.600	107.100
1983-05-01	102.000	86.600	96.100	99.700	115.400	100.600	105.300	101.500	103.000	102.800	107.100
1983-06-01	102.200	89.900	96.000	99.200	120.000	100.700	104.600	101.500	103.100	103.100	107.100
1983-07-01	102.600	90.500	98.400	99.000	120.100	100.900	105.600	101.500	104.400	105.500	107.100
1983-08-01	102.800	91.300	98.600	99.000	118.000	101.200	106.100	101.300	104.400	105.500	108.700
1983-09-01	102.700	91.300	98.000	98.500	111.500	102.700	107.000	101.400	104.900	106.200	108.700
1983-10-01	103.300	91.500	97.800	98.900	110.900	102.800	106.000	101.300	104.800	106.200	111.100
1983-11-01	103.500	90.400	98.200	98.700	110.300	103.100	104.900	101.500	104.900	106.300	111.100
1983-12-01	103.700	89.100	99.100	98.800	113.000	103.500	105.500	101.900	105.300	106.800	111.100
1984-01-01	104.200	87.100	98.500	99.500	113.500	104.400	105.000	102.200	105.700	107.400	112.500
1984-02-01	104.700	88.000	95.800	99.600	117.400	105.100	106.300	102.300	106.100	108.100	114.400
1984-03-01	105.100	89.400	97.800	99.100	119.200	105.100	108.600	102.500	106.500	108.100	114.400
1984-04-01	105.500	87.600	98.000	99.800	118.900	105.100	109.700	103.000	107.000	108.100	114.400
1984-05-01	105.500	89.000	97.900	99.400	114.400	105.400	107.800	103.000	107.100	108.900	114.400
1984-06-01	105.600	89.300	98.000	99.500	112.800	105.300	107.300	103.300	107.600	109.600	114.400
1984-07-01	105.700	88.400	98.000	99.500	110.200	105.400	105.100	103.700	107.700	110.300	114.600
1984-08-01	105.700	86.000	96.700	99.900	110.100	105.400	104.400	103.800	107.700	110.400	114.600
1984-09-01	105.400	84.900	95.800	100.100	108.800	105.600	103.100	103.900	107.900	111.000	116.100
1984-10-01	105.900	86.100	95.300	98.900	107.600	105.700	101.200	103.900	108.300	111.300	116.200
1984-11-01	106.000	86.900	94.900	98.500	108.300	105.500	102.200	104.100	108.600	111.900	117.200
1984-12-01	105.900	85.700	95.000	98.500	109.200	105.300	100.900	104.200	108.700	111.900	117.200
1985-01-01	106.300	83.500	95.500	98.700	110.400	105.300	99.900	104.700	109.300	112.800	118.200
1985-02-01	106.500	80.900	95.500	99.100	110.400	105.400	100.500	104.900	109.600	112.900	118.200
1985-03-01	106.600	81.500	95.500	99.000	110.700	105.500	99.600	105.200	109.600	112.900	118.200
1985-04-01	106.800	83.600	95.300	98.900	109.400	105.400	101.800	105.400	109.300	112.500	119.900
1985-05-01	106.900	86.400	95.500	99.000	112.400	105.000	101.700	105.700	109.500	112.100	120.000
1985-06-01	106.900	84.300	96.300	98.700	116.800	104.600	100.000	105.800	109.400	112.000	120.000
1985-07-01	107.000	82.800	96.400	98.900	114.100	104.500	99.200	106.000	109.600	112.200	121.400
1985-08-01	107.000	81.500	97.500	98.500	110.000	104.600	99.200	106.100	109.700	112.300	121.500
1985-09-01	106.400	81.700	97.100	98.600	107.000	104.600	98.900	106.000	109.800	112.200	.
1985-10-01	107.100	82.100	95.900	98.500	105.300	104.500	98.600	106.100	109.900	112.200	.
1985-11-01	107.100	84.300	95.400	98.700	103.800	104.100	97.800	106.200	109.800	112.300	.
1985-12-01	107.100	85.400	95.600	98.400	104.800	104.100	97.600	106.200	110.000	112.700	.
1986-01-01	107.300	79.900	96.900	98.700	106.000	101.000	98.500	106.400	110.300	113.300	124.100
1986-02-01	107.300	68.900	95.000	99.000	105.700	101.100	98.600	106.700	110.600	113.600	124.400
1986-03-01	107.400	56.700	95.400	98.900	108.300	100.800	99.300	106.900	110.800	113.700	124.400
1986-04-01	107.600	52.000	91.800	98.800	113.300	101.000	98.500	107.200	111.000	113.800	124.600
1986-05-01	107.500	53.300	90.200	98.600	113.000	101.200	97.900	107.200	111.000	114.000	124.300
1986-06-01	107.600	53.300	89.800	98.500	110.400	101.100	98.200	107.200	110.900	114.000	124.300
1986-07-01	107.700	44.700	89.700	97.900	111.100	101.100	97.600	107.300	111.500	114.900	124.500
1986-08-01	107.700	44.300	89.500	97.800	111.300	101.200	98.200	107.400	111.500	115.100	124.600
1986-09-01	107.500	48.200	89.900	97.600	112.900	101.400	98.700	107.400	111.700	115.300	122.600
1986-10-01	108.400	45.400	90.200	97.600	111.100	101.400	99.000	107.500	111.700	115.300	122.800
1986-11-01	108.400	45.500	89.800	97.000	112.000	101.300	98.900	107.500	111.800	115.200	122.800
1986-12-01	108.400	46.400	90.200	97.000	111.300	101.300	98.500	107.600	111.900	115.400	122.700
1987-01-01	108.900	50.800	92.000	97.500	111.900	102.000	99.100	107.800	112.300	115.300	123.500
1987-02-01	109.100	53.900	92.800	97.500	114.400	102.300	99.100	107.800	112.400	115.400	123.500
1987-03-01	109.300	52.900	93.700	97.400	116.000	101.900	100.200	107.900	112.300	114.700	123.900
1987-04-01	109.700	55.400	94.100	98.100	116.800	101.900	101.800	107.900	112.200	114.500	123.900
1987-05-01	109.900	56.100	95.200	98.500	116.900	102.200	104.600	108.000	112.300	114.600	122.800
1987-06-01	110.200	57.700	97.800	99.000	117.900	102.500	106.000	108.100	112.200	114.600	122.900
1987-07-01	110.600	59.300	96.300	100.100	119.700	103.100	109.100	108.200	112.700	114.900	122.900
1987-08-01	110.900	61.500	95.600	100.200	120.200	103.700	112.000	108.300	112.900	115.100	122.900
1987-09-01	111.200	58.900	95.500	100.400	123.300	105.400	114.200	108.600	112.700	114.900	123.100
1987-10-01	112.200	59.000	96.800	100.900	120.500	109.500	116.700	108.600	113.100	115.400	123.100
1987-11-01	112.600	59.800	97.600	101.100	120.400	110.400	118.500	108.900	113.200	115.300	123.400
1987-12-01	112.900	56.800	98.200	101.800	120.300	109.900	124.100	109.400	113.400	115.700	123.300
1988-01-01	114.000	53.700	99.400	102.300	120.800	110.900	127.500	110.200	113.700	116.000	125.100
1988-02-01	114.400	52.900	100.300	102.500	121.500	113.000	124.800	110.700	114.100	116.600	125.200
1988-03-01	114.800	52.100	102.100	102.600	123.000	113.600	125.700	111.300	113.700	116.200	125.300
1988-04-01	115.400	54.400	103.300	102.900	123.900	114.800	128.900	111.700	113.800	116.300	126.200
1988-05-01	115.800	56.400	104.300	102.600	123.800	115.000	129.300	112.000	114.400	117.400	126.000
1988-06-01	116.100	55.400	105.800	103.100	124.400	114.900	131.700	112.300	114.200	117.600	126.700
1988-07-01	116.800	55.300	108.600	103.700	125.100	117.000	132.800	112.900	114.400	117.700	125.800
1988-08-01	117.200	55.800	109.400	104.400	123.200	118.000	132.900	113.300	114.700	118.100	126.000
1988-09-01	117.400	52.900	110.000	104.600	120.900	117.400	134.800	113.900	114.800	118.400	126.400
1988-10-01	118.300	51.100	111.400	104.500	120.000	118.300	137.800	114.300	115.100	118.300	126.300
1988-11-01	118.800	53.500	112.800	104.500	119.900	117.600	144.000	115.100	115.200	118.400	126.600
1988-12-01	119.300	52.900	114.200	104.900	118.800	117.600	148.300	115.800	115.400	118.500	126.700
1989-01-01	120.300	54.400	117.200	105.800	119.800	119.700	149.900	116.600	116.200	119.000	127.900
1989-02-01	120.700	55.000	117.600	106.400	122.300	120.600	147.100	117.000	116.600	119.300	128.100
1989-03-01	121.000	57.100	116.700	106.800	123.400	120.700	148.200	117.700	116.700	119.600	128.900
1989-04-01	121.300	64.900	117.500	107.100	126.500	120.800	147.200	118.000	116.800	119.200	129.300
1989-05-01	121.500	67.700	117.800	107.400	128.500	120.600	144.600	118.600	117.000	119.300	129.400
1989-06-01	121.600	65.600	115.600	107.400	128.700	119.800	140.100	119.100	117.500	119.600	129.600
1989-07-01	121.400	63.100	114.100	107.300	130.000	119.000	136.300	119.300	117.900	119.500	129.900
1989-08-01	121.500	58.900	113.400	107.100	128.800	118.400	136.900	119.600	118.000	119.700	130.400
1989-09-01	121.600	61.400	112.400	106.900	127.000	118.100	139.500	120.200	117.900	119.400	130.400
1989-10-01	122.300	63.000	112.500	107.200	127.300	117.800	140.200	120.500	118.400	119.900	130.700
1989-11-01	122.100	61.600	111.700	107.400	123.200	116.900	136.500	120.700	118.300	119.400	132.000
1989-12-01	122.100	61.900	111.600	107.700	123.100	116.500	131.900	121.000	118.400	118.700	132.200
1990-01-01	122.600	71.800	111.400	107.900	124.500	116.700	130.900	121.800	118.900	118.900	134.300
1990-02-01	122.700	64.500	111.300	107.600	125.800	116.200	127.900	122.300	118.600	118.400	134.900
1990-03-01	123.000	63.300	110.700	108.500	127.400	116.500	131.800	122.900	118.900	118.500	135.400
1990-04-01	123.400	65.100	110.400	108.100	129.300	117.100	134.500	123.000	119.000	118.400	136.100
1990-05-01	123.600	65.300	110.800	108.200	128.000	117.900	134.000	123.300	119.000	118.300	136.300
1990-06-01	123.600	63.900	111.100	108.100	125.900	117.400	132.100	123.500	119.200	118.500	136.400
1990-07-01	123.800	62.300	111.100	108.100	126.500	117.500	133.200	123.800	119.500	119.100	136.700
1990-08-01	124.100	74.500	110.700	108.500	124.800	118.200	137.300	124.100	119.400	118.100	137.500
1990-09-01	124.400	86.700	114.900	108.600	123.500	117.900	139.000	124.300	119.500	118.100	137.600
1990-10-01	125.200	96.900	118.400	109.200	120.500	117.500	139.200	124.700	119.600	118.100	138.400
1990-11-01	125.400	96.400	120.100	110.100	119.400	116.900	134.800	124.800	119.800	118.100	138.900
1990-12-01	125.400	87.000	117.800	110.400	119.300	116.800	130.600	125.400	119.900	118.300	139.100
1991-01-01	126.100	79.100	117.500	110.600	120.000	117.000	129.600	126.300	120.500	119.200	141.700
1991-02-01	126.100	71.500	116.700	110.600	118.800	116.600	128.100	126.900	120.600	119.400	142.000
1991-03-01	125.900	64.000	113.200	110.400	119.600	115.800	127.200	127.200	120.700	119.200	142.300
1991-04-01	125.900	63.600	112.900	109.900	121.600	115.400	126.500	127.300	120.900	119.200	142.800
1991-05-01	125.800	66.400	111.900	109.800	125.200	114.500	124.200	127.700	120.700	118.700	144.200
1991-06-01	125.700	65.400	111.700	109.700	132.700	113.500	121.600	128.000	120.800	119.100	144.300
1991-07-01	125.700	63.300	109.700	109.100	133.200	113.300	120.900	128.000	120.900	118.800	144.700
1991-08-01	125.600	66.400	109.100	108.800	125.100	113.000	121.200	128.100	120.900	118.600	145.500
1991-09-01	125.500	67.900	109.700	108.600	125.000	112.800	121.300	128.200	120.800	118.200	145.600
1991-10-01	126.100	66.900	109.700	109.100	124.500	112.400	121.100	128.400	120.800	118.000	146.000
1991-11-01	126.100	67.800	109.700	109.100	125.400	112.300	120.200	128.500	120.900	117.700	146.200
1991-12-01	126.200	63.400	109.900	109.000	128.200	112.300	118.900	128.600	120.900	117.600	146.400
1992-01-01	126.600	57.700	108.400	109.200	132.300	112.100	117.100	129.200	120.900	117.000	149.500
1992-02-01	126.800	59.700	107.300	109.100	140.900	112.300	119.400	129.400	121.200	117.700	149.700
1992-03-01	127.100	59.200	107.200	109.000	146.400	112.700	121.000	129.700	121.400	118.300	149.900
1992-04-01	127.300	61.900	107.500	108.900	148.600	112.300	121.500	130.000	121.200	118.200	150.600
1992-05-01	127.500	66.200	107.700	109.000	148.700	112.200	121.600	130.100	121.300	117.900	150.900
1992-06-01	127.500	69.900	109.900	109.800	144.100	111.400	122.800	129.500	121.200	117.600	151.400
1992-07-01	127.600	68.100	110.200	109.800	142.800	111.400	124.000	129.800	121.200	117.600	151.400
1992-08-01	127.600	67.500	110.500	110.000	142.000	111.200	125.200	130.000	121.200	117.200	152.000
1992-09-01	127.500	68.600	111.000	110.300	144.800	111.000	122.900	130.200	121.200	117.100	152.500
1992-10-01	128.100	68.500	110.700	110.300	143.800	110.300	120.000	130.200	121.400	117.200	152.800
1992-11-01	128.100	67.000	111.400	111.000	146.900	110.100	117.600	130.300	121.600	117.000	152.500
1992-12-01	128.300	62.100	109.400	111.000	155.500	110.600	117.900	130.300	121.700	117.300	152.600
1993-01-01	129.000	61.600	109.800	110.400	164.600	111.900	119.100	131.200	122.000	117.200	153.500
1993-02-01	129.500	62.500	110.700	110.300	181.100	113.100	118.800	131.400	122.200	117.800	153.500
1993-03-01	129.800	63.900	110.000	110.400	196.400	113.400	117.500	131.500	122.200	117.800	153.900
1993-04-01	130.100	65.100	111.900	110.900	197.300	113.500	115.700	131.700	122.600	118.300	154.600
1993-05-01	130.000	66.500	111.100	110.900	189.000	114.200	113.200	131.800	122.400	118.000	154.700
1993-06-01	129.800	64.500	111.300	111.000	178.700	115.600	113.500	132.100	122.400	118.000	154.000
1993-07-01	129.900	62.000	110.600	111.000	172.900	116.500	114.600	132.300	122.400	117.700	154.700
1993-08-01	129.400	60.300	110.400	110.900	175.900	116.700	114.700	132.600	122.500	117.700	155.100
1993-09-01	129.100	61.100	110.300	111.100	179.000	117.300	113.400	132.700	122.600	117.600	154.800
1993-10-01	129.800	63.100	110.200	111.100	181.500	119.000	111.100	132.800	122.700	117.400	156.400
1993-11-01	130.000	60.500	110.500	111.000	188.600	119.900	110.200	133.000	122.800	117.600	156.800
1993-12-01	130.300	52.900	108.700	111.000	195.900	120.800	111.500	133.200	122.700	117.200	156.900
1994-01-01	130.900	52.900	108.600	110.900	202.000	121.300	112.800	133.600	123.100	117.400	158.400
1994-02-01	131.100	56.400	108.100	110.800	196.600	122.000	116.200	133.700	123.200	117.500	158.600
1994-03-01	131.300	55.800	108.400	110.900	197.400	121.800	118.500	134.100	123.300	117.600	158.500
1994-04-01	131.500	57.000	109.600	111.200	188.200	121.400	119.100	134.200	123.600	117.400	158.700
1994-05-01	131.700	58.100	110.800	111.400	185.700	120.600	120.500	134.300	123.700	117.400	158.700
1994-06-01	132.100	59.300	111.700	111.800	189.700	118.800	125.200	134.600	123.700	117.500	158.700
1994-07-01	132.500	62.000	112.900	112.000	184.400	120.400	128.100	134.900	123.800	117.400	158.800
1994-08-01	132.900	66.100	115.200	112.000	185.500	122.300	128.800	135.100	123.500	116.500	158.900
1994-09-01	133.300	63.000	119.800	112.200	184.700	123.100	131.200	135.200	123.400	115.900	159.000
1994-10-01	134.300	60.000	121.200	113.000	181.400	123.100	134.000	135.700	123.200	115.200	160.500
1994-11-01	135.000	61.600	122.000	113.400	183.400	124.100	140.500	135.900	123.400	115.100	160.800
1994-12-01	135.600	57.500	123.000	113.500	181.700	124.700	144.500	136.100	123.400	114.800	160.800
1995-01-01	137.100	58.100	125.600	114.500	182.100	127.200	151.200	136.900	123.900	114.600	163.100
1995-02-01	137.900	58.200	127.900	115.100	177.800	128.400	152.800	137.700	124.200	115.000	163.100
1995-03-01	138.300	59.000	128.500	116.100	179.300	129.100	151.500	138.100	124.100	114.300	162.900
1995-04-01	139.000	63.100	131.500	116.500	175.700	129.800	152.100	138.500	124.200	114.400	162.800
1995-05-01	139.300	66.100	132.000	116.900	173.400	129.900	149.100	138.700	124.200	114.000	163.000
1995-06-01	139.400	64.800	130.300	117.700	169.900	129.700	149.400	138.900	124.100	113.700	163.300
1995-07-01	139.600	61.400	130.400	118.200	173.000	129.900	150.300	139.300	124.000	113.100	163.400
1995-08-01	139.600	60.900	129.600	118.300	172.200	130.400	150.800	139.500	124.000	112.900	163.500
1995-09-01	139.300	61.100	128.800	118.300	174.100	129.400	149.300	139.700	124.200	112.900	163.500
1995-10-01	139.700	59.300	127.300	118.300	171.000	128.400	146.600	140.000	124.800	112.900	164.800
1995-11-01	139.600	57.800	124.600	118.200	167.000	126.900	146.400	140.500	124.900	113.100	165.200
1995-12-01	139.400	59.800	124.400	117.500	165.700	126.600	145.400	140.800	124.300	112.900	165.300
1996-01-01	139.300	63.200	124.700	116.800	165.700	127.000	142.700	141.600	124.600	112.500	167.000
1996-02-01	139.100	61.100	125.100	116.400	166.800	126.300	140.300	141.900	124.600	112.200	167.100
1996-03-01	138.800	65.300	125.100	116.300	169.600	125.700	140.500	142.200	124.100	110.800	167.300
1996-04-01	138.500	73.200	126.900	116.500	172.200	125.900	140.500	142.300	123.600	109.400	167.100
1996-05-01	138.700	75.100	127.700	116.600	181.300	126.300	141.800	142.300	123.200	108.500	167.300
1996-06-01	138.600	69.900	127.600	116.000	184.700	126.200	139.800	142.400	122.900	107.900	167.600
1996-07-01	138.300	69.000	126.800	116.100	181.000	125.800	133.900	142.600	123.100	108.000	167.700
1996-08-01	138.400	69.400	127.200	116.500	184.400	126.200	131.800	142.700	123.200	108.000	168.100
1996-09-01	138.400	72.100	127.900	116.500	189.600	126.400	131.300	142.700	123.200	108.100	168.400
1996-10-01	138.600	74.200	126.900	116.100	182.800	125.500	130.100	143.000	122.900	107.300	168.600
1996-11-01	138.600	74.600	127.100	115.900	190.300	124.300	131.400	143.300	122.900	107.300	168.800
1996-12-01	138.800	74.500	127.500	116.500	189.300	124.200	133.400	143.400	123.200	107.200	169.000
1997-01-01	139.100	74.300	127.900	116.500	190.200	125.500	136.000	143.800	123.000	106.700	170.100
1997-02-01	139.200	72.900	127.700	116.100	195.300	126.600	137.000	144.000	122.900	106.000	170.000
1997-03-01	139.300	69.500	126.700	116.000	196.400	126.200	139.700	144.500	122.700	105.800	170.300
1997-04-01	139.200	68.200	126.200	116.300	199.900	125.800	138.200	144.900	122.600	105.400	169.800
1997-05-01	139.100	67.900	125.800	116.200	203.300	126.000	139.100	144.900	122.400	104.500	170.000
1997-06-01	139.100	66.300	125.200	115.800	197.900	126.100	139.700	145.000	122.400	104.500	170.100
1997-07-01	139.000	64.300	125.800	115.400	199.000	126.700	136.900	145.200	122.600	104.400	169.900
1997-08-01	139.100	67.800	126.700	115.600	196.800	126.800	137.400	145.300	122.100	103.000	169.700
1997-09-01	139.000	68.500	126.800	115.800	192.200	126.800	136.400	145.400	122.000	102.900	169.400
1997-10-01	139.400	67.700	126.200	115.300	187.100	126.800	135.000	145.400	121.600	101.900	169.400
1997-11-01	139.400	66.300	126.200	115.500	188.500	127.200	132.700	145.500	121.800	101.600	169.600
1997-12-01	139.300	62.200	126.100	115.500	187.700	127.000	130.400	145.500	121.800	101.400	169.600
1998-01-01	139.300	57.400	125.800	115.500	185.300	127.000	128.000	146.100	121.800	101.100	170.300
1998-02-01	139.300	54.400	124.100	115.600	186.900	126.600	127.900	146.300	121.600	100.700	170.400
1998-03-01	139.500	50.600	123.100	115.500	187.400	125.700	126.800	146.500	121.500	100.700	170.700
1998-04-01	139.500	52.700	122.300	115.400	187.200	125.500	127.200	146.700	121.200	100.400	170.800
1998-05-01	139.300	54.900	121.900	115.200	182.700	125.300	125.600	146.800	121.100	100.100	170.900
1998-06-01	139.100	53.200	121.400	115.200	175.900	125.000	123.400	147.100	121.100	100.000	171.000
1998-07-01	139.000	52.100	121.100	115.100	178.900	124.200	121.600	147.500	120.800	99.700	170.700
1998-08-01	138.800	49.100	120.400	115.200	180.000	122.600	120.500	147.500	120.700	99.600	170.600
1998-09-01	138.500	49.700	119.500	115.300	174.200	120.500	120.700	147.900	120.600	99.500	171.000
1998-10-01	138.600	51.000	119.200	115.300	171.700	117.600	119.300	147.900	120.600	99.400	171.600
1998-11-01	138.400	48.800	119.400	115.100	170.400	115.600	118.100	148.100	120.600	99.200	171.700
1998-12-01	138.700	42.200	118.900	114.900	173.500	114.500	116.400	148.300	120.400	99.100	171.500
1999-01-01	138.600	44.900	118.300	114.400	177.400	113.900	115.300	148.800	120.600	98.800	172.300
1999-02-01	138.600	42.600	117.100	114.000	181.600	113.800	115.100	148.900	120.600	98.600	172.400
1999-03-01	138.600	46.300	116.400	113.900	186.000	112.900	114.200	149.000	120.500	98.600	172.200
1999-04-01	138.700	58.700	116.200	114.400	185.500	112.800	114.900	149.400	120.300	98.300	172.200
1999-05-01	138.900	59.800	117.000	114.200	188.900	113.100	117.100	149.300	119.800	98.100	172.000
1999-06-01	139.000	58.800	117.600	114.200	194.900	113.800	116.200	149.500	119.600	97.800	172.000
1999-07-01	139.300	63.600	118.100	113.700	202.800	113.400	119.000	149.600	119.500	97.600	172.000
1999-08-01	139.500	68.600	118.200	114.100	195.600	114.000	120.200	149.600	119.400	97.700	171.800
1999-09-01	139.800	72.500	119.600	114.100	189.200	113.900	122.400	149.300	119.200	98.100	172.000
1999-10-01	140.700	69.500	121.800	113.800	183.600	114.300	124.800	149.300	119.300	98.300	172.500
1999-11-01	140.800	71.700	122.800	114.600	185.600	115.500	124.200	149.400	119.300	98.200	173.000
1999-12-01	141.000	73.700	123.800	114.600	187.600	117.100	125.200	149.600	119.300	97.900	173.500
2000-01-01	141.400	75.200	124.600	114.700	189.100	118.300	127.800	149.900	119.000	97.200	175.000
2000-02-01	141.800	84.000	126.300	114.200	189.200	118.200	129.900	150.200	118.800	96.900	175.400
2000-03-01	142.100	89.700	128.000	114.300	188.500	118.400	128.900	150.400	118.600	96.800	175.700
2000-04-01	142.500	84.600	128.400	114.900	186.300	119.000	127.500	150.500	118.700	97.300	176.200
2000-05-01	142.500	87.600	128.700	114.600	180.300	118.400	126.800	150.600	118.800	97.100	176.300
2000-06-01	142.600	97.400	129.800	115.200	179.600	117.600	126.500	150.700	118.800	97.300	177.200
2000-07-01	142.700	93.100	132.700	115.500	176.100	117.100	127.400	151.000	119.000	97.700	177.800
2000-08-01	142.500	90.600	130.400	115.900	173.200	116.200	128.300	151.000	118.900	97.600	178.300
2000-09-01	142.700	102.500	130.400	115.900	171.400	116.100	129.800	151.000	118.900	97.500	178.800
2000-10-01	143.100	99.500	130.500	115.700	171.600	114.700	129.400	151.100	118.700	97.200	179.400
2000-11-01	142.900	99.600	129.300	116.100	170.400	112.800	127.000	151.200	118.600	96.900	179.800
2000-12-01	142.900	91.600	129.700	116.400	169.600	112.400	127.700	151.400	118.100	96.100	180.000
2001-01-01	143.500	91.400	132.900	116.400	166.600	112.100	127.200	151.800	118.200	95.900	181.700
2001-02-01	143.500	90.400	134.700	116.800	168.200	110.600	127.500	151.900	118.000	95.300	182.200
2001-03-01	143.600	85.900	134.600	116.800	169.500	110.600	127.500	152.100	118.100	95.100	182.400
2001-04-01	143.700	94.000	132.300	116.800	170.000	110.200	125.300	152.700	117.800	94.900	182.800
2001-05-01	143.700	101.200	131.900	116.800	181.100	109.900	126.000	152.800	117.700	94.600	183.000
2001-06-01	143.600	95.100	131.000	116.900	183.200	109.700	125.000	152.800	117.400	94.000	183.700
2001-07-01	143.200	82.400	126.900	117.400	175.400	110.000	123.400	153.000	117.100	93.500	184.200
2001-08-01	142.800	85.400	124.500	116.700	174.500	109.900	121.700	153.100	116.900	92.900	184.600
2001-09-01	142.800	94.600	127.100	116.700	173.100	109.600	121.400	153.100	116.800	92.600	185.300
2001-10-01	142.600	75.600	123.800	116.600	167.300	108.600	119.600	153.100	116.700	92.400	185.300
2001-11-01	142.300	68.300	122.200	116.900	166.100	107.600	118.600	153.200	116.700	92.600	185.200
2001-12-01	142.200	59.200	119.500	116.400	164.100	107.300	118.800	153.300	116.700	92.700	185.500
2002-01-01	142.200	61.300	119.600	116.000	168.300	107.100	119.600	153.700	116.900	92.800	185.400
2002-02-01	142.200	62.900	119.900	116.300	171.300	107.700	120.000	154.000	116.900	93.000	185.500
2002-03-01	142.400	72.500	123.100	116.400	174.800	109.000	120.900	154.000	117.100	93.200	185.600
2002-04-01	142.800	82.400	126.100	116.300	174.700	110.800	120.700	154.000	116.600	92.800	185.600
2002-05-01	142.700	80.900	125.900	116.500	173.000	112.900	120.800	153.900	116.400	92.500	185.500
2002-06-01	143.000	79.600	126.000	116.600	169.800	114.700	121.700	154.000	116.400	92.500	185.600
2002-07-01	143.000	81.200	128.400	116.600	170.200	115.900	121.200	154.400	116.000	92.300	185.800
2002-08-01	143.000	82.300	129.700	117.100	171.400	117.000	119.300	154.400	116.100	92.300	186.100
2002-09-01	143.200	88.200	130.300	117.400	169.900	118.600	119.400	154.500	116.100	92.300	186.400
2002-10-01	143.900	95.600	132.600	117.600	168.100	118.900	118.800	154.500	115.800	92.000	186.800
2002-11-01	143.800	85.800	133.600	117.600	167.600	118.200	120.300	154.500	115.800	92.000	187.100
2002-12-01	143.400	81.200	132.400	117.300	167.700	117.900	120.700	154.700	115.400	91.500	187.200
2003-01-01	144.000	93.100	137.900	118.600	168.100	118.600	121.300	155.200	115.300	91.300	188.700
2003-02-01	144.700	110.600	146.900	118.700	170.500	120.100	122.300	155.300	115.000	91.100	189.100
2003-03-01	145.300	118.400	149.100	119.100	169.000	120.700	122.300	155.600	115.100	91.200	189.700
2003-04-01	144.800	95.700	140.600	119.400	169.300	120.700	120.900	155.500	115.200	91.300	190.000
2003-05-01	144.900	88.100	140.600	119.500	169.400	119.800	122.300	155.600	115.200	91.400	190.200
2003-06-01	144.800	92.300	142.000	119.100	171.000	119.200	122.800	155.600	114.900	91.100	191.100
2003-07-01	144.600	95.100	139.400	119.400	175.300	119.400	122.700	155.600	114.600	90.900	192.000
2003-08-01	144.800	100.000	140.500	119.300	176.000	120.800	123.500	155.600	114.400	90.600	192.900
2003-09-01	145.000	97.800	139.800	119.400	183.300	122.000	124.300	155.600	114.400	90.300	193.200
2003-10-01	145.900	96.300	140.500	119.600	179.400	123.200	125.900	155.800	114.200	90.200	193.400
2003-11-01	146.100	91.600	140.300	119.600	180.200	125.000	128.500	155.800	114.200	90.300	193.200
2003-12-01	146.300	92.800	143.100	119.700	180.800	128.400	131.100	155.900	114.000	89.700	193.900
2004-01-01	147.200	103.600	150.100	120.300	183.700	134.000	134.500	156.400	113.500	88.900	195.800
2004-02-01	148.200	103.700	150.300	121.700	190.700	143.600	139.200	157.300	113.300	89.400	195.900
2004-03-01	149.100	108.000	150.000	121.600	199.700	150.300	142.500	157.600	113.400	89.200	196.100
2004-04-01	150.000	114.200	154.100	121.500	206.600	154.400	145.100	158.700	113.700	89.600	196.500
2004-05-01	150.500	123.400	155.000	122.000	214.200	155.300	143.300	159.600	113.700	89.100	196.500
2004-06-01	150.900	115.700	158.100	122.800	209.600	155.200	142.800	160.300	113.700	89.300	198.000
2004-07-01	151.500	122.200	161.400	122.900	208.600	166.000	145.200	160.900	113.200	88.400	199.200
2004-08-01	152.600	122.900	168.100	123.400	219.000	174.200	145.700	161.100	113.300	88.300	200.500
2004-09-01	153.300	125.200	173.600	123.800	218.500	174.000	147.100	161.700	113.300	88.200	200.900
2004-10-01	154.600	142.800	175.800	124.400	204.900	178.900	150.000	162.000	113.300	88.400	201.400
2004-11-01	155.000	136.600	178.500	124.700	193.600	182.400	151.600	162.500	113.300	88.200	201.900
2004-12-01	155.400	120.800	178.300	125.800	194.500	180.600	154.400	163.100	113.300	88.200	202.300
2005-01-01	156.400	126.200	177.800	127.600	197.600	181.200	155.700	164.200	113.400	88.200	203.700
2005-02-01	156.900	133.000	179.200	128.000	205.500	179.800	157.600	165.900	113.400	88.000	203.900
2005-03-01	157.400	148.600	185.100	128.400	206.400	176.400	160.600	167.300	113.300	87.700	204.600
2005-04-01	157.600	155.300	184.200	128.500	204.800	176.900	161.600	167.900	113.300	87.500	204.900
2005-05-01	157.400	151.300	181.000	128.600	196.900	170.700	161.100	168.400	113.100	87.100	205.900
2005-06-01	157.000	156.900	177.900	129.900	202.300	162.000	162.600	168.800	113.000	87.000	206.000
2005-07-01	157.300	169.600	182.100	130.500	198.000	160.000	163.300	169.100	113.100	87.300	206.500
2005-08-01	157.500	179.500	183.800	130.600	194.000	161.800	165.200	169.500	113.200	87.400	207.700
2005-09-01	158.700	200.700	196.600	131.000	197.700	169.200	167.700	170.000	112.900	86.800	208.200
2005-10-01	160.500	214.900	209.700	131.400	195.800	168.000	171.600	170.700	113.000	86.600	208.400
2005-11-01	161.000	171.500	202.500	132.400	191.500	173.900	176.600	170.600	112.600	85.700	208.700
2005-12-01	161.300	172.100	202.600	133.600	193.200	173.800	182.800	171.100	112.300	85.200	208.900
2006-01-01	162.500	177.200	206.400	134.000	199.400	174.700	187.500	171.700	112.200	84.900	211.000
2006-02-01	163.200	169.300	206.100	134.400	200.900	177.200	193.300	172.500	112.300	84.800	211.900
2006-03-01	163.800	184.600	206.100	134.700	200.200	178.100	195.800	173.000	114.000	87.700	212.900
2006-04-01	164.800	207.400	207.400	134.900	198.800	180.700	210.600	173.400	114.700	88.600	214.000
2006-05-01	166.400	215.500	212.700	135.600	200.600	183.700	234.900	174.000	114.800	88.700	214.200
2006-06-01	166.800	220.400	218.700	135.700	192.300	189.000	231.000	175.400	115.000	88.700	214.300
2006-07-01	167.100	219.700	219.500	136.900	187.300	193.900	234.100	176.500	115.300	89.000	214.700
2006-08-01	167.500	219.000	222.300	137.000	182.400	192.200	232.100	177.000	116.000	89.800	215.000
2006-09-01	167.600	185.100	216.400	137.600	182.200	195.300	230.700	177.500	116.400	90.300	215.700
2006-10-01	167.700	172.300	213.600	138.500	174.600	194.900	229.100	178.100	116.100	89.900	216.400
2006-11-01	167.800	172.200	208.300	138.900	171.600	189.000	229.700	178.600	116.000	89.700	217.300
2006-12-01	167.900	175.200	210.800	139.000	172.500	189.600	230.600	179.000	115.900	89.700	217.600
2007-01-01	168.200	163.200	211.800	139.300	176.900	190.000	225.200	180.100	116.000	89.000	219.000
2007-02-01	168.600	171.100	212.100	139.500	176.800	195.900	224.200	181.500	114.500	85.200	219.500
2007-03-01	169.400	194.100	215.300	139.600	177.500	205.500	230.100	182.000	114.000	83.900	219.200
2007-04-01	170.300	214.400	217.100	139.400	177.000	209.200	243.600	182.700	114.100	83.800	219.100
2007-05-01	170.800	227.300	225.100	139.900	175.600	205.800	249.300	183.100	113.700	82.700	219.300
2007-06-01	171.000	221.300	227.200	140.400	177.200	205.300	247.800	183.700	114.000	83.100	220.000
2007-07-01	171.400	234.200	231.400	140.800	179.200	204.300	250.000	184.200	113.400	81.700	220.600
2007-08-01	171.100	213.000	222.600	141.100	176.800	200.500	247.500	184.700	113.100	80.800	221.500
2007-09-01	171.200	220.200	227.500	141.200	174.200	199.800	244.100	185.200	113.000	80.200	222.100
2007-10-01	172.200	219.500	233.600	141.600	171.200	198.000	248.100	185.700	112.900	79.500	223.200
2007-11-01	173.100	253.200	248.200	142.300	167.200	197.800	244.000	186.100	112.800	79.100	223.700
2007-12-01	173.100	238.800	245.100	142.700	167.300	200.600	239.700	186.600	112.600	78.400	224.000
2008-01-01	174.700	244.000	251.600	144.300	163.700	210.000	240.800	187.600	112.700	77.700	226.700
2008-02-01	175.900	246.900	252.100	145.700	161.900	215.200	251.000	188.700	113.200	77.700	226.900
2008-03-01	177.400	282.600	261.300	147.000	162.100	224.000	265.500	188.600	113.200	77.600	227.100
2008-04-01	179.800	291.100	270.700	147.300	162.800	250.600	270.600	189.300	113.200	77.400	227.900
2008-05-01	181.800	321.700	285.600	148.400	169.100	270.600	267.100	190.500	113.500	77.300	228.500
2008-06-01	183.200	340.600	295.300	150.700	170.400	284.100	261.800	191.700	113.700	77.400	229.600
2008-07-01	185.900	357.700	315.600	155.600	166.900	293.100	267.400	195.000	113.700	77.100	230.500
2008-08-01	186.600	313.300	309.100	158.600	167.300	294.400	257.400	195.900	113.700	76.700	232.200
2008-09-01	186.200	312.300	312.300	160.300	166.700	274.000	247.000	196.900	113.800	76.600	233.200
2008-10-01	183.700	244.800	275.700	163.800	159.400	236.000	225.400	197.300	114.000	76.800	234.600
2008-11-01	179.900	175.100	246.200	165.000	156.700	209.400	198.600	197.800	113.600	76.300	236.200
2008-12-01	177.400	130.000	219.300	162.700	154.900	195.600	188.000	198.400	113.300	75.800	237.600
2009-01-01	176.900	141.100	220.600	159.200	150.400	191.600	181.000	199.300	113.300	75.300	239.600
2009-02-01	176.100	139.200	224.100	155.200	148.500	185.400	178.000	199.200	113.300	75.500	239.800
2009-03-01	175.600	131.700	222.600	153.800	144.800	179.800	176.600	199.300	113.500	75.800	238.600
2009-04-01	175.000	148.100	220.100	152.300	145.000	168.900	183.500	199.100	113.400	75.700	237.100
2009-05-01	174.900	166.000	223.400	150.900	143.700	169.200	188.200	199.100	113.400	75.900	235.500
2009-06-01	175.200	193.800	232.800	151.000	144.600	171.100	192.400	199.200	113.300	75.400	234.900
2009-07-01	175.500	180.800	236.100	151.100	150.900	178.200	193.900	199.100	113.400	75.400	235.300
2009-08-01	176.600	204.500	241.000	152.800	151.400	187.000	208.000	198.900	113.500	75.400	235.700
2009-09-01	177.200	194.400	243.500	154.400	152.600	193.700	213.000	199.100	113.500	75.200	235.600
2009-10-01	177.700	194.000	243.200	156.800	151.400	196.100	215.200	199.100	113.600	75.200	236.000
2009-11-01	178.100	209.200	247.000	157.100	153.300	191.300	219.800	199.100	113.600	75.200	236.500
2009-12-01	178.900	203.700	254.600	157.100	156.400	195.700	227.900	199.400	113.400	74.800	236.600
2010-01-01	180.200	222.700	261.700	158.500	157.200	205.600	234.800	199.400	113.400	74.300	238.200
2010-02-01	181.200	205.800	269.400	158.700	166.400	210.800	229.200	199.500	113.500	74.400	238.100
2010-03-01	182.400	222.500	273.100	159.200	169.200	220.600	235.300	199.700	113.600	74.400	238.400
2010-04-01	183.800	231.600	275.100	161.100	175.800	232.000	243.600	200.000	113.400	74.300	238.500
2010-05-01	184.000	229.000	271.900	162.400	180.000	235.500	236.700	200.400	113.500	74.200	238.300
2010-06-01	183.100	216.900	264.100	165.300	170.100	233.500	227.200	200.100	113.400	73.800	239.100
2010-07-01	182.700	217.000	257.800	165.900	167.400	224.800	226.000	200.800	113.400	73.900	239.800
2010-08-01	183.100	222.900	260.700	166.000	165.000	221.900	234.800	201.100	113.200	73.300	240.500
2010-09-01	183.500	219.800	264.000	165.900	163.900	224.100	241.500	201.200	113.000	72.900	240.300
2010-10-01	184.600	231.700	268.600	166.200	162.600	222.700	252.900	201.400	112.900	72.600	240.800
2010-11-01	185.400	237.400	278.200	167.100	163.800	222.600	260.700	201.500	112.600	71.800	241.200
2010-12-01	186.300	245.600	285.500	167.500	166.400	228.300	264.000	202.100	112.700	71.500	241.300
2011-01-01	188.600	255.900	297.400	169.500	169.000	239.800	269.500	203.600	112.900	71.400	242.800
2011-02-01	190.200	266.300	311.500	172.100	168.700	248.700	276.000	204.300	113.200	71.700	243.100
2011-03-01	191.200	298.800	317.500	175.400	170.000	253.300	274.700	205.200	113.300	71.600	243.700
2011-04-01	193.000	319.600	332.000	178.900	168.700	257.500	281.400	206.200	113.300	71.600	244.000
2011-05-01	193.700	331.800	341.800	183.500	165.900	256.600	277.600	206.600	113.300	71.500	244.400
2011-06-01	193.900	313.800	339.600	186.500	165.300	256.400	277.400	207.700	113.300	71.500	245.200
2011-07-01	194.600	314.100	338.600	189.900	165.900	256.900	282.500	208.700	113.300	71.100	245.800
2011-08-01	194.500	299.600	337.000	192.200	167.700	256.500	277.900	208.800	113.300	70.900	246.600
2011-09-01	194.600	306.000	336.000	192.400	165.600	256.900	273.900	209.300	113.100	70.400	247.300
2011-10-01	193.900	294.600	325.200	191.700	165.000	255.200	257.900	209.700	113.200	70.600	248.200
2011-11-01	193.200	299.400	315.600	189.400	163.200	248.900	259.200	210.300	113.100	70.300	249.000
2011-12-01	192.700	287.100	304.400	187.200	164.100	252.100	254.600	210.500	113.100	69.900	249.500
2012-01-01	193.800	295.000	308.300	187.700	164.100	256.500	255.100	211.100	113.400	69.500	250.800
2012-02-01	194.700	306.700	314.900	189.200	166.200	253.800	263.800	212.800	113.500	69.500	250.900
2012-03-01	195.700	324.300	327.300	192.100	169.300	253.400	265.200	213.000	113.500	69.500	251.300
2012-04-01	195.800	327.000	328.900	194.200	170.100	252.300	260.900	213.400	113.500	69.500	251.600
2012-05-01	195.400	313.100	321.200	193.700	174.800	250.500	255.000	213.500	113.700	69.800	251.900
2012-06-01	193.700	291.700	299.400	190.400	174.700	239.000	250.400	213.800	113.500	69.500	252.300
2012-07-01	193.300	286.300	294.800	188.300	170.700	232.100	247.800	214.100	113.400	69.400	253.300
2012-08-01	193.300	309.700	295.200	187.500	175.200	233.200	246.800	214.600	113.300	69.100	254.000
2012-09-01	193.700	327.800	299.400	186.800	174.800	233.700	254.800	214.600	113.100	69.000	254.500
2012-10-01	193.900	320.800	300.200	185.900	170.600	224.800	258.600	214.800	113.100	69.100	254.800
2012-11-01	194.000	292.400	296.500	185.900	177.000	228.900	253.600	215.100	113.000	68.900	254.500
2012-12-01	194.200	283.300	297.100	185.100	181.900	230.300	257.500	215.700	112.800	68.600	254.400
2013-01-01	195.300	287.600	305.400	185.100	190.900	228.000	257.100	216.400	113.400	68.600	255.600
2013-02-01	196.100	311.300	315.800	185.100	196.100	226.000	258.000	217.300	113.400	68.600	256.400
2013-03-01	196.100	303.800	309.600	186.100	204.100	228.800	253.500	217.900	113.400	68.500	257.300
2013-04-01	195.900	297.600	303.400	185.800	208.400	228.100	247.900	217.900	113.600	68.900	257.500
2013-05-01	195.500	296.100	303.000	184.900	200.700	223.300	242.700	218.300	113.800	69.200	257.400
2013-06-01	195.400	294.200	303.100	183.900	192.400	222.200	240.900	218.100	113.800	69.200	257.600
2013-07-01	195.200	294.400	299.800	183.400	190.500	225.300	235.100	218.400	113.900	69.300	257.900
2013-08-01	195.300	301.300	299.300	180.800	194.500	225.200	240.400	218.700	113.900	69.200	258.000
2013-09-01	195.100	300.700	298.700	179.700	196.300	223.900	240.000	218.900	113.800	69.000	258.500
2013-10-01	195.400	290.800	294.500	179.800	200.400	224.900	239.000	219.200	113.900	69.200	258.600
2013-11-01	195.500	277.900	290.000	181.300	204.600	228.900	238.100	219.500	113.800	69.200	259.300
2013-12-01	195.900	280.800	292.000	181.200	205.400	232.500	237.400	219.500	113.900	69.200	259.400
2014-01-01	197.200	281.800	295.800	180.900	210.500	238.000	238.300	220.900	113.800	68.700	261.300
2014-02-01	197.600	287.100	298.600	181.400	214.800	234.900	239.200	221.700	113.800	68.600	261.700
2014-03-01	197.300	294.100	291.100	181.800	218.300	231.300	239.100	221.900	113.700	68.600	262.000
2014-04-01	197.700	301.100	294.800	181.300	215.300	234.600	238.100	222.400	113.600	68.500	262.100
2014-05-01	197.600	298.600	289.100	180.900	217.100	233.500	239.900	222.700	113.600	68.500	262.200
2014-06-01	197.700	298.300	289.800	180.600	216.300	232.600	240.200	223.000	113.600	68.500	262.400
2014-07-01	198.200	294.100	295.700	180.100	215.600	232.700	244.800	223.200	113.700	68.500	262.900
2014-08-01	198.400	291.700	296.400	180.100	216.600	233.000	246.400	223.100	113.700	68.600	263.300
2014-09-01	198.300	285.100	293.100	179.800	218.700	233.900	245.700	223.500	113.800	68.600	263.400
2014-10-01	198.200	260.200	284.600	178.900	214.000	230.500	241.400	223.700	113.800	68.600	263.600
2014-11-01	197.400	240.200	275.100	178.000	211.200	226.300	240.200	223.900	113.800	68.500	263.600
2014-12-01	196.700	204.100	263.400	177.400	210.000	224.000	239.900	224.100	113.800	68.500	263.800
2015-01-01	196.000	162.700	242.000	176.500	210.000	222.400	234.800	224.700	114.100	68.500	265.500
2015-02-01	195.400	169.500	242.400	174.400	207.800	209.200	231.200	225.100	114.100	68.600	265.400
2015-03-01	195.000	181.900	244.700	174.200	204.600	205.200	229.400	225.400	114.100	68.500	265.200
2015-04-01	194.800	178.300	245.500	173.900	202.800	200.900	229.500	225.800	114.000	68.400	264.900
2015-05-01	194.900	203.400	248.500	173.700	198.700	198.300	231.500	225.600	114.100	68.500	264.900
2015-06-01	195.200	204.800	251.200	174.400	198.200	200.300	226.200	225.800	113.900	68.100	265.000
2015-07-01	194.900	201.400	251.500	174.700	200.100	198.200	219.000	226.200	113.900	68.200	265.100
2015-08-01	193.900	188.400	245.200	174.400	196.600	193.000	213.200	225.900	113.700	68.000	265.100
2015-09-01	193.100	165.800	236.400	174.800	191.800	190.500	211.400	226.000	113.600	67.900	265.200
2015-10-01	192.900	161.300	235.200	173.100	192.300	181.500	212.300	226.400	113.500	67.900	265.200
2015-11-01	192.300	156.200	234.200	172.500	195.400	175.200	206.100	226.400	113.500	67.900	265.100
2015-12-01	191.900	138.600	230.100	171.900	193.100	172.200	202.200	226.500	113.500	67.800	265.200
2016-01-01	191.900	125.400	223.600	171.700	194.100	173.100	199.400	227.100	113.300	67.500	266.300
2016-02-01	191.800	114.600	219.200	171.200	193.800	172.700	202.500	227.700	113.200	67.400	266.700
2016-03-01	192.100	122.200	221.400	170.900	196.800	175.400	207.400	228.100	113.300	67.400	266.800
2016-04-01	192.800	132.400	224.700	171.400	201.700	184.300	207.200	228.100	113.200	67.300	267.100
2016-05-01	193.400	146.300	226.900	171.600	203.200	192.900	208.400	227.900	113.200	67.300	267.200
2016-06-01	193.700	158.400	227.000	172.100	203.600	193.400	206.400	227.900	113.100	67.200	267.400
2016-07-01	193.700	156.200	225.200	172.000	204.800	193.600	211.200	228.100	113.200	67.200	267.600
2016-08-01	194.000	148.300	226.700	171.700	206.300	195.000	213.000	228.200	113.100	67.200	267.600
2016-09-01	193.900	154.200	229.700	172.300	205.400	191.200	210.800	228.300	113.000	67.200	267.600
2016-10-01	194.300	159.000	232.700	172.600	204.900	186.400	212.000	228.100	112.800	67.000	267.700
2016-11-01	194.900	152.100	238.900	173.300	203.500	189.300	216.100	228.400	112.700	66.900	267.700
2016-12-01	195.600	156.300	241.500	173.300	203.100	196.400	220.000	228.700	112.700	66.900	268.000
2017-01-01	196.800	165.300	241.500	174.100	203.100	204.800	220.400	229.400	113.700	67.500	268.000
2017-02-01	197.800	166.500	248.400	177.900	210.100	207.300	225.800	230.300	113.700	67.500	268.200
2017-03-01	198.700	165.000	253.700	180.600	211.800	213.300	225.200	230.800	113.700	67.400	268.400
2017-04-01	199.300	170.600	255.400	180.200	215.900	212.000	227.400	230.800	114.000	67.700	268.800
2017-05-01	199.200	165.600	253.500	178.100	218.300	213.700	226.000	231.100	113.900	67.600	269.000
2017-06-01	199.400	163.800	251.500	177.300	216.100	213.900	226.600	231.300	114.000	67.500	269.100
2017-07-01	199.200	164.500	247.300	175.400	216.900	215.900	227.600	231.600	113.600	66.600	269.300
2017-08-01	199.700	172.900	252.800	175.000	222.100	214.100	233.600	231.900	113.600	66.400	269.500
2017-09-01	200.000	188.300	254.200	175.000	220.700	215.700	240.400	232.300	113.400	65.900	269.600
2017-10-01	200.900	185.700	258.500	176.100	223.600	211.500	241.500	232.900	113.400	65.900	269.900
2017-11-01	201.500	192.700	265.800	175.800	224.600	208.800	243.200	233.100	113.500	65.900	270.100
2017-12-01	201.700	191.900	266.000	174.800	223.600	212.900	242.100	233.300	113.500	65.900	270.200
2018-01-01	203.000	197.000	268.100	176.000	225.300	217.600	247.700	234.800	114.000	66.000	271.100
2018-02-01	203.800	199.700	270.300	176.100	237.000	222.100	248.500	235.400	114.500	66.100	271.700
2018-03-01	204.800	197.700	272.100	177.900	240.300	227.500	249.500	236.400	114.900	66.200	271.900
2018-04-01	205.400	207.700	269.900	179.000	238.400	234.100	250.500	236.700	115.000	66.300	272.200
2018-05-01	206.300	224.900	270.900	179.100	249.300	239.000	253.100	238.100	114.900	66.000	272.300
2018-06-01	207.000	228.900	272.500	179.700	254.500	242.500	256.500	238.900	115.000	66.000	272.600
2018-07-01	207.400	226.000	274.200	179.400	248.000	244.300	248.200	239.900	115.600	65.700	272.900
2018-08-01	207.600	224.400	279.700	180.400	231.700	244.800	240.700	240.600	115.400	65.300	273.200
2018-09-01	207.900	225.700	283.900	180.700	228.000	244.700	238.400	241.400	115.800	65.800	273.500
2018-10-01	208.700	233.100	286.300	181.900	214.200	244.100	240.100	242.400	115.700	65.600	273.700
2018-11-01	208.500	214.300	277.600	180.700	209.200	246.700	239.100	242.800	115.800	65.600	273.900
2018-12-01	207.800	183.800	262.400	179.800	211.200	245.800	241.500	242.900	115.800	65.500	274.300
2019-01-01	208.300	167.600	259.900	180.600	210.000	240.400	242.200	244.700	116.700	65.000	275.600
2019-02-01	208.200	177.600	257.400	180.200	215.800	235.700	246.000	245.100	116.800	65.000	276.200
2019-03-01	208.400	197.100	258.300	180.500	213.500	238.600	249.800	246.000	116.800	65.000	276.500
2019-04-01	208.200	211.700	259.000	180.400	212.600	234.000	248.900	247.000	116.900	65.200	276.800
2019-05-01	207.700	215.100	254.400	180.500	210.800	229.800	243.700	247.000	116.800	65.000	277.100
2019-06-01	207.100	197.200	253.800	180.000	205.600	222.500	241.500	247.400	116.800	65.300	277.300
2019-07-01	206.900	201.900	249.300	180.100	209.900	216.900	245.000	247.800	117.000	65.400	277.300
2019-08-01	206.500	194.200	245.800	179.800	208.900	217.800	242.800	247.600	116.700	65.500	277.400
2019-09-01	206.100	190.300	242.500	180.000	210.900	212.300	244.500	247.800	116.900	65.700	277.500
2019-10-01	206.500	195.600	252.300	179.700	208.600	206.400	245.300	248.000	116.800	65.600	277.800
2019-11-01	206.400	192.100	250.900	179.800	208.300	205.100	244.200	248.200	116.800	65.500	278.200
2019-12-01	206.300	191.300	246.900	178.900	210.000	207.300	247.600	248.300	117.000	65.600	278.300
2020-01-01	207.200	190.300	246.300	179.400	209.600	212.100	252.600	249.300	118.000	65.500	278.900
2020-02-01	207.100	175.800	243.000	179.900	215.200	209.100	250.700	249.700	118.000	65.500	279.300
2020-03-01	207.100	147.800	237.900	179.500	222.100	210.600	251.600	250.700	118.000	65.600	279.600
2020-04-01	205.200	90.300	211.000	178.800	204.500	204.700	245.100	250.900	117.700	64.900	280.000
2020-05-01	204.400	98.300	200.000	177.900	211.000	203.500	239.500	250.700	117.700	64.900	280.700
2020-06-01	205.000	126.200	209.000	177.700	225.100	203.500	243.200	250.900	117.600	64.900	280.900
2020-07-01	205.800	146.000	218.200	177.400	241.100	200.900	251.900	250.900	117.700	64.700	280.900
2020-08-01	207.000	149.500	224.300	177.500	270.200	200.400	262.100	251.400	117.700	64.600	281.000
2020-09-01	208.100	144.400	225.800	177.700	322.000	205.200	267.000	251.300	117.800	64.600	281.500
2020-10-01	208.700	146.600	227.700	178.300	301.300	207.400	267.800	251.900	117.300	63.700	281.400
2020-11-01	209.200	148.900	232.400	178.700	264.200	211.100	271.300	252.100	117.500	63.700	281.500
2020-12-01	211.500	164.600	240.000	179.600	291.500	230.700	279.900	252.600	117.700	64.100	281.800
2021-01-01	214.900	178.400	252.900	181.100	329.900	250.800	286.400	254.800	117.400	64.100	282.600
2021-02-01	217.500	196.800	268.900	180.800	343.900	260.500	289.100	255.900	117.500	64.100	282.700
2021-03-01	221.500	225.200	280.300	181.300	365.800	292.200	295.200	257.100	118.100	64.300	282.800
2021-04-01	225.900	222.200	292.200	183.500	390.300	321.300	305.500	258.000	118.800	64.200	282.900
2021-05-01	230.500	240.400	310.700	186.100	462.000	332.600	326.800	260.300	119.300	64.500	283.000
2021-06-01	234.000	244.200	317.000	187.900	444.300	354.900	328.000	263.200	119.800	64.600	283.300
2021-07-01	236.539	256.633	320.632	191.741	334.813	382.821	329.301	266.413	120.156	64.509	284.212
2021-08-01	238.534	251.608	331.731	194.837	283.260	395.232	332.752	268.546	120.579	64.760	284.269
2021-09-01	240.004	257.070	327.495	197.201	275.379	405.663	334.229	271.359	121.955	64.888	284.501
2021-10-01	242.825	278.800	332.831	198.549	288.295	417.852	336.244	274.098	122.536	64.989	285.116
2021-11-01	245.549	278.690	341.449	198.905	299.073	433.525	339.350	276.421	123.319	65.342	285.341
2021-12-01	246.483	259.600	335.607	199.691	346.950	433.252	330.859	279.744	123.825	65.548	286.182
2022-01-01	249.774	275.116	336.391	205.938	404.213	423.397	344.181	286.277	125.904	66.591	287.529
2022-02-01	251.330	307.757	341.778	208.021	422.316	394.696	355.940	290.327	126.760	66.641	288.296
2022-03-01	254.556	364.665	355.017	209.003	444.946	397.639	370.666	293.344	127.511	66.992	291.441
2022-04-01	257.425	376.109	358.784	213.614	384.474	405.655	376.168	298.740	127.926	66.732	292.276
2022-05-01	260.128	418.620	374.198	214.667	394.751	424.725	359.643	302.511	128.709	66.999	292.954
2022-06-01	260.449	466.799	379.442	217.002	318.471	412.324	349.943	305.793	129.789	67.433	294.309
2022-07-01	259.519	406.401	379.705	220.392	319.231	393.040	327.860	309.376	130.485	67.426	294.960
2022-08-01	258.706	354.467	358.093	221.485	307.332	374.122	331.685	310.814	130.969	67.211	295.772
2022-09-01	257.140	360.701	348.660	221.893	292.178	353.075	326.154	312.080	131.312	67.472	296.865
2022-10-01	255.891	381.173	341.677	222.532	282.917	336.866	316.042	313.525	131.658	68.079	297.361
2022-11-01	255.703	361.972	337.539	221.752	276.495	327.874	325.882	315.106	132.147	68.411	297.779
2022-12-01	255.204	288.864	332.219	220.780	264.420	322.678	328.928	315.868	132.565	68.491	298.741
2023-01-01	256.912	311.047	332.732	222.816	263.293	323.593	339.738	319.813	133.735	68.087	300.482
2023-02-01	257.512	312.061	327.157	223.327	266.594	332.659	338.315	320.632	133.772	68.148	302.615
2023-03-01	258.117	304.911	326.370	223.123	263.738	342.146	337.385	322.920	133.911	68.203	304.270
2023-04-01	258.723	306.620	327.955	223.381	261.062	347.653	337.436	326.193	133.845	67.843	305.451
